# r	g(r)	sigma(g)
1.00000e-02		6.13075e-01		4.47486e-02
3.00000e-02		4.94591e-01		2.29533e-02
5.00000e-02		4.81329e-01		1.77881e-02
7.00000e-02		5.27822e-01		1.58005e-02
9.00000e-02		5.39158e-01		1.37950e-02
1.10000e-01		5.07536e-01		1.21853e-02
1.30000e-01		5.44593e-01		1.15721e-02
1.50000e-01		5.62855e-01		1.08492e-02
1.70000e-01		5.78354e-01		1.02316e-02
1.90000e-01		5.85099e-01		9.82417e-03
2.10000e-01		5.95217e-01		9.51788e-03
2.30000e-01		6.11941e-01		9.42410e-03
2.50000e-01		6.64599e-01		8.82363e-03
2.70000e-01		6.96292e-01		9.39446e-03
2.90000e-01		7.61958e-01		9.26194e-03
3.10000e-01		7.69710e-01		8.67440e-03
3.30000e-01		8.51427e-01		8.87433e-03
3.50000e-01		8.89518e-01		9.00508e-03
3.70000e-01		9.56101e-01		9.70707e-03
3.90000e-01		1.00875e+00		9.21139e-03
4.10000e-01		1.09420e+00		9.52734e-03
4.30000e-01		1.16207e+00		9.02537e-03
4.50000e-01		1.23760e+00		9.48629e-03
4.70000e-01		1.30740e+00		9.31912e-03
4.90000e-01		1.37829e+00		9.00776e-03
5.10000e-01		1.42028e+00		9.16435e-03
5.30000e-01		1.47639e+00		9.39143e-03
5.50000e-01		1.47725e+00		9.26306e-03
5.70000e-01		1.51198e+00		9.18161e-03
5.90000e-01		1.44779e+00		9.11764e-03
6.10000e-01		1.40128e+00		8.61031e-03
6.30000e-01		1.31875e+00		8.52073e-03
6.50000e-01		1.22841e+00		7.46706e-03
6.70000e-01		1.13615e+00		7.49067e-03
6.90000e-01		1.06078e+00		6.80307e-03
7.10000e-01		9.69538e-01		6.52405e-03
7.30000e-01		9.03396e-01		6.05203e-03
7.50000e-01		8.35608e-01		5.89154e-03
7.70000e-01		8.06492e-01		5.82850e-03
7.90000e-01		7.73939e-01		5.56443e-03
8.10000e-01		7.51528e-01		5.35959e-03
8.30000e-01		7.49017e-01		5.56594e-03
8.50000e-01		7.73978e-01		5.29087e-03
8.70000e-01		7.94531e-01		5.44574e-03
8.90000e-01		8.27680e-01		5.50564e-03
9.10000e-01		8.64605e-01		5.55243e-03
9.30000e-01		9.18069e-01		5.58498e-03
9.50000e-01		9.63379e-01		5.58342e-03
9.70000e-01		1.02491e+00		5.89569e-03
9.90000e-01		1.05582e+00		5.77776e-03
1.01000e+00		1.10885e+00		5.81370e-03
1.03000e+00		1.15786e+00		6.03974e-03
1.05000e+00		1.19050e+00		5.98805e-03
1.07000e+00		1.20546e+00		5.96561e-03
1.09000e+00		1.21685e+00		6.04176e-03
1.11000e+00		1.19798e+00		5.75025e-03
1.13000e+00		1.18777e+00		5.83561e-03
1.15000e+00		1.16552e+00		5.47641e-03
1.17000e+00		1.10872e+00		5.62413e-03
1.19000e+00		1.07858e+00		5.25239e-03
1.21000e+00		1.02583e+00		5.21876e-03
1.23000e+00		9.85072e-01		4.86954e-03
1.25000e+00		9.38265e-01		4.63567e-03
1.27000e+00		9.10189e-01		4.65785e-03
1.29000e+00		8.87609e-01		4.53441e-03
1.31000e+00		8.55810e-01		4.66317e-03
1.33000e+00		8.57849e-01		4.52603e-03
1.35000e+00		8.56614e-01		4.32666e-03
1.37000e+00		8.63365e-01		4.61971e-03
1.39000e+00		8.68093e-01		4.37038e-03
1.41000e+00		8.88366e-01		4.43085e-03
1.43000e+00		9.17583e-01		4.45190e-03
1.45000e+00		9.57980e-01		4.62819e-03
1.47000e+00		9.84323e-01		4.74117e-03
1.49000e+00		1.02467e+00		4.56148e-03
1.51000e+00		1.05245e+00		4.61700e-03
1.53000e+00		1.08141e+00		4.85731e-03
1.55000e+00		1.10749e+00		4.75689e-03
1.57000e+00		1.12826e+00		4.87173e-03
1.59000e+00		1.13999e+00		4.57160e-03
1.61000e+00		1.12652e+00		4.88489e-03
1.63000e+00		1.13052e+00		4.55574e-03
1.65000e+00		1.11276e+00		4.49091e-03
1.67000e+00		1.08950e+00		4.44668e-03
1.69000e+00		1.06105e+00		4.37173e-03
1.71000e+00		1.03442e+00		4.40936e-03
1.73000e+00		9.96897e-01		4.12917e-03
1.75000e+00		9.69329e-01		4.38127e-03
1.77000e+00		9.44503e-01		4.05035e-03
1.79000e+00		9.22910e-01		4.17715e-03
1.81000e+00		9.06730e-01		4.00889e-03
1.83000e+00		8.99458e-01		3.76049e-03
1.85000e+00		8.85345e-01		3.85547e-03
1.87000e+00		8.94902e-01		3.98893e-03
1.89000e+00		9.01633e-01		3.89882e-03
1.91000e+00		9.16710e-01		3.90978e-03
1.93000e+00		9.36559e-01		3.91063e-03
1.95000e+00		9.55985e-01		3.96618e-03
1.97000e+00		9.77649e-01		3.92039e-03
1.99000e+00		1.00620e+00		3.82349e-03
2.01000e+00		1.03344e+00		4.05487e-03
2.03000e+00		1.06077e+00		4.16258e-03
2.05000e+00		1.07422e+00		3.97652e-03
2.07000e+00		1.09594e+00		3.90443e-03
2.09000e+00		1.10473e+00		4.18997e-03
2.11000e+00		1.10232e+00		4.07911e-03
2.13000e+00		1.10684e+00		4.15261e-03
2.15000e+00		1.08235e+00		4.06239e-03
2.17000e+00		1.07255e+00		4.01197e-03
2.19000e+00		1.06008e+00		3.82299e-03
2.21000e+00		1.02531e+00		3.66724e-03
2.23000e+00		1.00544e+00		3.66828e-03
2.25000e+00		9.90514e-01		3.75376e-03
2.27000e+00		9.62983e-01		3.63695e-03
2.29000e+00		9.41471e-01		3.46100e-03
2.31000e+00		9.35522e-01		3.59481e-03
2.33000e+00		9.18465e-01		3.39481e-03
2.35000e+00		9.16115e-01		3.52758e-03
2.37000e+00		9.17163e-01		3.60867e-03
2.39000e+00		9.22873e-01		3.58815e-03
2.41000e+00		9.33698e-01		3.52764e-03
2.43000e+00		9.46385e-01		3.46444e-03
2.45000e+00		9.55856e-01		3.58817e-03
2.47000e+00		9.84437e-01		3.62570e-03
2.49000e+00		1.00234e+00		3.62040e-03
2.51000e+00		1.01826e+00		3.53539e-03
2.53000e+00		1.04204e+00		3.62797e-03
2.55000e+00		1.06076e+00		3.64819e-03
2.57000e+00		1.06718e+00		3.57789e-03
2.59000e+00		1.08264e+00		3.51209e-03
2.61000e+00		1.08265e+00		3.56112e-03
2.63000e+00		1.07588e+00		3.76657e-03
2.65000e+00		1.07089e+00		3.63593e-03
2.67000e+00		1.05681e+00		3.51968e-03
2.69000e+00		1.04400e+00		3.51049e-03
2.71000e+00		1.02955e+00		3.47373e-03
2.73000e+00		1.00759e+00		3.57283e-03
2.75000e+00		9.94272e-01		3.33787e-03
2.77000e+00		9.73461e-01		3.31633e-03
2.79000e+00		9.55542e-01		3.27622e-03
2.81000e+00		9.48254e-01		3.21644e-03
2.83000e+00		9.36044e-01		3.23073e-03
2.85000e+00		9.29693e-01		3.23825e-03
2.87000e+00		9.32725e-01		3.12114e-03
2.89000e+00		9.37193e-01		3.21610e-03
2.91000e+00		9.42675e-01		3.25483e-03
2.93000e+00		9.57398e-01		3.14517e-03
2.95000e+00		9.57772e-01		3.15763e-03
2.97000e+00		9.76280e-01		3.29951e-03
2.99000e+00		9.96361e-01		3.13877e-03
3.01000e+00		1.01519e+00		3.30661e-03
3.03000e+00		1.03897e+00		3.27702e-03
3.05000e+00		1.04633e+00		3.15232e-03
3.07000e+00		1.06153e+00		3.23822e-03
3.09000e+00		1.07237e+00		3.29487e-03
3.11000e+00		1.06367e+00		3.37586e-03
3.13000e+00		1.06841e+00		3.28603e-03
3.15000e+00		1.05641e+00		3.38811e-03
3.17000e+00		1.05496e+00		3.15386e-03
3.19000e+00		1.04091e+00		3.27034e-03
3.21000e+00		1.02750e+00		3.13275e-03
3.23000e+00		1.00806e+00		3.18093e-03
3.25000e+00		9.90582e-01		3.18084e-03
3.27000e+00		9.73434e-01		3.20451e-03
3.29000e+00		9.61679e-01		3.13412e-03
3.31000e+00		9.52627e-01		2.90299e-03
3.33000e+00		9.43899e-01		3.10270e-03
3.35000e+00		9.41281e-01		3.10734e-03
3.37000e+00		9.39072e-01		3.14648e-03
3.39000e+00		9.40169e-01		2.91393e-03
3.41000e+00		9.54814e-01		2.86194e-03
3.43000e+00		9.60969e-01		2.98182e-03
3.45000e+00		9.72611e-01		2.95394e-03
3.47000e+00		9.89391e-01		2.88944e-03
3.49000e+00		9.95653e-01		3.00015e-03
3.51000e+00		1.02006e+00		3.14082e-03
3.53000e+00		1.02226e+00		2.95371e-03
3.55000e+00		1.04048e+00		2.97039e-03
3.57000e+00		1.04971e+00		3.06992e-03
3.59000e+00		1.05447e+00		3.09308e-03
3.61000e+00		1.05705e+00		3.01466e-03
3.63000e+00		1.05632e+00		3.06753e-03
3.65000e+00		1.04677e+00		3.05594e-03
3.67000e+00		1.04558e+00		2.94026e-03
3.69000e+00		1.03442e+00		3.03871e-03
3.71000e+00		1.02048e+00		2.89213e-03
3.73000e+00		1.00679e+00		2.95377e-03
3.75000e+00		9.95451e-01		2.91971e-03
3.77000e+00		9.79089e-01		2.90203e-03
3.79000e+00		9.64105e-01		2.73193e-03
3.81000e+00		9.59387e-01		2.74110e-03
3.83000e+00		9.53193e-01		2.90576e-03
3.85000e+00		9.46827e-01		2.95504e-03
3.87000e+00		9.50470e-01		2.77144e-03
3.89000e+00		9.49079e-01		2.72939e-03
3.91000e+00		9.57143e-01		2.75546e-03
3.93000e+00		9.64221e-01		2.77497e-03
3.95000e+00		9.76990e-01		2.77763e-03
3.97000e+00		9.86065e-01		2.85940e-03
3.99000e+00		9.98768e-01		2.74625e-03
4.01000e+00		1.00973e+00		2.78233e-03
4.03000e+00		1.02374e+00		2.81667e-03
4.05000e+00		1.04014e+00		2.93145e-03
4.07000e+00		1.04568e+00		2.88944e-03
4.09000e+00		1.04832e+00		2.86489e-03
4.11000e+00		1.05088e+00		2.80947e-03
4.13000e+00		1.04508e+00		2.82131e-03
4.15000e+00		1.04050e+00		2.90667e-03
4.17000e+00		1.03496e+00		2.85304e-03
4.19000e+00		1.03137e+00		2.75484e-03
4.21000e+00		1.01864e+00		2.71019e-03
4.23000e+00		1.00685e+00		2.80407e-03
4.25000e+00		1.00060e+00		2.70289e-03
4.27000e+00		9.82328e-01		2.63893e-03
4.29000e+00		9.70018e-01		2.68872e-03
4.31000e+00		9.66977e-01		2.65454e-03
4.33000e+00		9.57389e-01		2.59199e-03
4.35000e+00		9.58220e-01		2.56086e-03
4.37000e+00		9.54036e-01		2.60280e-03
4.39000e+00		9.53003e-01		2.59090e-03
4.41000e+00		9.58634e-01		2.64460e-03
4.43000e+00		9.69647e-01		2.74736e-03
4.45000e+00		9.80553e-01		2.63216e-03
4.47000e+00		9.88160e-01		2.61494e-03
4.49000e+00		9.96366e-01		2.59020e-03
4.51000e+00		1.00431e+00		2.64067e-03
4.53000e+00		1.01903e+00		2.79606e-03
4.55000e+00		1.03029e+00		2.70456e-03
4.57000e+00		1.03756e+00		2.71287e-03
4.59000e+00		1.04343e+00		2.61674e-03
4.61000e+00		1.04591e+00		2.63937e-03
4.63000e+00		1.04597e+00		2.60643e-03
4.65000e+00		1.03961e+00		2.58283e-03
4.67000e+00		1.03187e+00		2.72052e-03
4.69000e+00		1.02429e+00		2.62595e-03
4.71000e+00		1.01446e+00		2.61412e-03
4.73000e+00		1.00943e+00		2.69272e-03
4.75000e+00		9.97616e-01		2.53241e-03
4.77000e+00		9.85845e-01		2.61543e-03
4.79000e+00		9.78209e-01		2.56519e-03
4.81000e+00		9.70168e-01		2.49754e-03
4.83000e+00		9.64868e-01		2.60023e-03
4.85000e+00		9.56237e-01		2.45668e-03
4.87000e+00		9.63465e-01		2.59754e-03
4.89000e+00		9.63593e-01		2.50499e-03
4.91000e+00		9.65300e-01		2.53627e-03
4.93000e+00		9.72946e-01		2.47203e-03
4.95000e+00		9.79352e-01		2.46913e-03
4.97000e+00		9.88862e-01		2.42808e-03
4.99000e+00		9.92649e-01		2.56056e-03
5.01000e+00		9.96624e-01		2.50326e-03
