# r	g(r)	sigma(g)
1.00000e-02		6.81557e-01		4.78026e-02
3.00000e-02		6.55468e-01		2.73210e-02
5.00000e-02		6.15031e-01		2.02370e-02
7.00000e-02		5.92577e-01		1.65081e-02
9.00000e-02		6.01480e-01		1.49245e-02
1.10000e-01		6.19893e-01		1.36775e-02
1.30000e-01		6.15332e-01		1.24240e-02
1.50000e-01		5.96335e-01		1.15345e-02
1.70000e-01		5.92549e-01		1.03882e-02
1.90000e-01		6.05180e-01		1.01768e-02
2.10000e-01		6.12609e-01		9.91018e-03
2.30000e-01		6.37320e-01		9.32104e-03
2.50000e-01		6.62643e-01		8.97957e-03
2.70000e-01		6.68029e-01		8.75464e-03
2.90000e-01		7.22713e-01		8.96882e-03
3.10000e-01		7.64450e-01		8.91011e-03
3.30000e-01		7.95792e-01		8.80719e-03
3.50000e-01		8.67063e-01		8.99951e-03
3.70000e-01		9.08507e-01		8.88902e-03
3.90000e-01		9.96121e-01		9.24930e-03
4.10000e-01		1.06246e+00		9.40409e-03
4.30000e-01		1.15592e+00		9.27360e-03
4.50000e-01		1.22970e+00		9.23256e-03
4.70000e-01		1.29220e+00		9.26398e-03
4.90000e-01		1.38780e+00		9.30273e-03
5.10000e-01		1.42750e+00		9.64420e-03
5.30000e-01		1.46070e+00		8.67092e-03
5.50000e-01		1.50944e+00		9.22240e-03
5.70000e-01		1.48360e+00		8.83033e-03
5.90000e-01		1.44939e+00		8.86270e-03
6.10000e-01		1.40134e+00		8.92776e-03
6.30000e-01		1.33304e+00		8.11216e-03
6.50000e-01		1.21672e+00		7.65866e-03
6.70000e-01		1.13270e+00		7.26431e-03
6.90000e-01		1.04589e+00		7.39490e-03
7.10000e-01		9.52774e-01		6.62538e-03
7.30000e-01		8.84188e-01		6.30757e-03
7.50000e-01		8.17911e-01		5.98848e-03
7.70000e-01		7.77185e-01		5.71194e-03
7.90000e-01		7.43434e-01		5.68415e-03
8.10000e-01		7.25198e-01		5.50416e-03
8.30000e-01		7.31454e-01		5.40277e-03
8.50000e-01		7.41751e-01		5.40263e-03
8.70000e-01		7.73803e-01		5.26428e-03
8.90000e-01		7.99394e-01		5.24228e-03
9.10000e-01		8.39448e-01		5.20809e-03
9.30000e-01		8.89001e-01		5.54533e-03
9.50000e-01		9.54728e-01		5.61934e-03
9.70000e-01		1.00806e+00		5.74687e-03
9.90000e-01		1.08678e+00		5.69845e-03
1.01000e+00		1.12364e+00		5.73464e-03
1.03000e+00		1.16026e+00		6.08251e-03
1.05000e+00		1.21547e+00		6.13828e-03
1.07000e+00		1.22603e+00		6.15753e-03
1.09000e+00		1.22788e+00		5.96975e-03
1.11000e+00		1.23314e+00		5.91813e-03
1.13000e+00		1.19755e+00		5.72772e-03
1.15000e+00		1.16073e+00		5.63582e-03
1.17000e+00		1.12082e+00		5.38238e-03
1.19000e+00		1.07907e+00		5.70581e-03
1.21000e+00		1.02954e+00		5.09433e-03
1.23000e+00		9.77966e-01		5.06509e-03
1.25000e+00		9.37770e-01		4.71047e-03
1.27000e+00		8.98942e-01		4.89900e-03
1.29000e+00		8.59144e-01		4.54991e-03
1.31000e+00		8.43837e-01		4.82565e-03
1.33000e+00		8.32275e-01		4.42558e-03
1.35000e+00		8.28545e-01		4.33072e-03
1.37000e+00		8.38301e-01		4.53675e-03
1.39000e+00		8.52890e-01		4.55639e-03
1.41000e+00		8.80457e-01		4.59177e-03
1.43000e+00		9.08529e-01		4.66371e-03
1.45000e+00		9.37874e-01		4.41656e-03
1.47000e+00		9.76980e-01		4.55226e-03
1.49000e+00		1.01490e+00		4.72025e-03
1.51000e+00		1.04563e+00		4.55657e-03
1.53000e+00		1.08382e+00		4.61432e-03
1.55000e+00		1.13223e+00		4.91465e-03
1.57000e+00		1.13970e+00		4.72436e-03
1.59000e+00		1.16152e+00		4.72575e-03
1.61000e+00		1.15570e+00		4.71585e-03
1.63000e+00		1.15393e+00		4.74782e-03
1.65000e+00		1.12808e+00		4.73153e-03
1.67000e+00		1.11004e+00		4.50892e-03
1.69000e+00		1.07736e+00		4.54434e-03
1.71000e+00		1.03463e+00		4.29401e-03
1.73000e+00		1.00029e+00		4.32495e-03
1.75000e+00		9.75982e-01		4.19950e-03
1.77000e+00		9.44890e-01		4.07731e-03
1.79000e+00		9.12106e-01		4.21639e-03
1.81000e+00		9.01469e-01		3.89604e-03
1.83000e+00		8.84240e-01		3.85265e-03
1.85000e+00		8.85415e-01		4.03528e-03
1.87000e+00		8.83706e-01		3.85196e-03
1.89000e+00		8.89711e-01		3.89309e-03
1.91000e+00		8.99483e-01		3.85858e-03
1.93000e+00		9.15067e-01		3.78001e-03
1.95000e+00		9.50299e-01		4.01600e-03
1.97000e+00		9.75397e-01		3.90624e-03
1.99000e+00		1.00861e+00		4.08983e-03
2.01000e+00		1.02822e+00		4.15265e-03
2.03000e+00		1.05107e+00		3.94078e-03
2.05000e+00		1.06704e+00		4.06164e-03
2.07000e+00		1.08599e+00		4.02929e-03
2.09000e+00		1.09112e+00		3.89324e-03
2.11000e+00		1.10231e+00		4.04852e-03
2.13000e+00		1.09941e+00		4.02017e-03
2.15000e+00		1.08624e+00		4.07063e-03
2.17000e+00		1.07205e+00		3.89353e-03
2.19000e+00		1.05358e+00		3.89469e-03
2.21000e+00		1.03689e+00		3.83003e-03
2.23000e+00		1.01522e+00		3.65705e-03
2.25000e+00		9.90022e-01		3.86865e-03
2.27000e+00		9.65583e-01		3.71107e-03
2.29000e+00		9.48606e-01		3.60335e-03
2.31000e+00		9.34816e-01		3.60299e-03
2.33000e+00		9.25994e-01		3.62537e-03
2.35000e+00		9.17489e-01		3.50467e-03
2.37000e+00		9.24112e-01		3.50435e-03
2.39000e+00		9.25520e-01		3.53657e-03
2.41000e+00		9.29030e-01		3.39971e-03
2.43000e+00		9.50612e-01		3.52008e-03
2.45000e+00		9.57547e-01		3.68935e-03
2.47000e+00		9.76515e-01		3.54093e-03
2.49000e+00		9.93149e-01		3.55599e-03
2.51000e+00		1.01353e+00		3.64140e-03
2.53000e+00		1.04276e+00		3.64047e-03
2.55000e+00		1.04955e+00		3.66853e-03
2.57000e+00		1.06364e+00		3.60931e-03
2.59000e+00		1.06772e+00		3.65059e-03
2.61000e+00		1.07637e+00		3.52035e-03
2.63000e+00		1.07634e+00		3.73339e-03
2.65000e+00		1.07283e+00		3.61906e-03
2.67000e+00		1.06313e+00		3.62074e-03
2.69000e+00		1.04579e+00		3.43423e-03
2.71000e+00		1.03309e+00		3.40567e-03
2.73000e+00		1.00960e+00		3.44095e-03
2.75000e+00		9.93466e-01		3.30216e-03
2.77000e+00		9.77463e-01		3.45469e-03
2.79000e+00		9.53625e-01		3.35981e-03
2.81000e+00		9.55751e-01		3.22294e-03
2.83000e+00		9.35145e-01		3.21701e-03
2.85000e+00		9.26386e-01		3.16245e-03
2.87000e+00		9.38451e-01		3.19474e-03
2.89000e+00		9.40217e-01		3.25767e-03
2.91000e+00		9.37901e-01		3.27757e-03
2.93000e+00		9.54671e-01		3.20677e-03
2.95000e+00		9.65223e-01		3.21994e-03
2.97000e+00		9.78201e-01		3.30001e-03
2.99000e+00		9.94965e-01		3.25666e-03
3.01000e+00		1.01607e+00		3.12782e-03
3.03000e+00		1.02738e+00		3.20960e-03
3.05000e+00		1.03764e+00		3.12519e-03
3.07000e+00		1.05126e+00		3.27812e-03
3.09000e+00		1.05050e+00		3.24900e-03
3.11000e+00		1.06219e+00		3.31645e-03
3.13000e+00		1.06362e+00		3.27600e-03
3.15000e+00		1.05917e+00		3.35870e-03
3.17000e+00		1.04639e+00		3.19771e-03
3.19000e+00		1.03802e+00		3.26843e-03
3.21000e+00		1.03081e+00		3.19538e-03
3.23000e+00		1.01178e+00		3.12982e-03
3.25000e+00		9.95318e-01		3.14389e-03
3.27000e+00		9.87835e-01		3.02562e-03
3.29000e+00		9.70064e-01		3.04134e-03
3.31000e+00		9.55819e-01		3.01356e-03
3.33000e+00		9.51292e-01		2.98750e-03
3.35000e+00		9.46869e-01		3.06687e-03
3.37000e+00		9.40165e-01		3.07664e-03
3.39000e+00		9.44508e-01		3.09153e-03
3.41000e+00		9.54508e-01		2.88745e-03
3.43000e+00		9.57613e-01		3.00485e-03
3.45000e+00		9.68811e-01		2.98109e-03
3.47000e+00		9.80463e-01		2.98235e-03
3.49000e+00		9.98223e-01		2.97139e-03
3.51000e+00		1.00698e+00		3.00627e-03
3.53000e+00		1.01711e+00		3.04446e-03
3.55000e+00		1.04045e+00		3.00813e-03
3.57000e+00		1.04476e+00		3.05622e-03
3.59000e+00		1.05181e+00		3.10762e-03
3.61000e+00		1.04786e+00		3.16673e-03
3.63000e+00		1.05011e+00		2.99131e-03
3.65000e+00		1.05089e+00		2.91436e-03
3.67000e+00		1.04382e+00		2.91293e-03
3.69000e+00		1.03651e+00		3.09149e-03
3.71000e+00		1.01686e+00		2.95900e-03
3.73000e+00		1.01382e+00		2.88720e-03
3.75000e+00		9.98234e-01		2.95916e-03
3.77000e+00		9.80257e-01		3.06246e-03
3.79000e+00		9.73536e-01		2.81939e-03
3.81000e+00		9.67381e-01		2.90649e-03
3.83000e+00		9.54522e-01		2.86574e-03
3.85000e+00		9.58508e-01		2.75760e-03
3.87000e+00		9.52652e-01		2.69481e-03
3.89000e+00		9.55157e-01		2.71730e-03
3.91000e+00		9.58670e-01		2.82839e-03
3.93000e+00		9.70038e-01		2.70707e-03
3.95000e+00		9.72507e-01		2.77009e-03
3.97000e+00		9.84669e-01		2.85454e-03
3.99000e+00		9.89018e-01		2.89598e-03
4.01000e+00		1.00508e+00		2.74874e-03
4.03000e+00		1.01936e+00		2.87869e-03
4.05000e+00		1.03105e+00		2.88175e-03
4.07000e+00		1.03554e+00		2.86049e-03
4.09000e+00		1.04584e+00		2.80007e-03
4.11000e+00		1.04117e+00		2.91491e-03
4.13000e+00		1.04867e+00		2.84371e-03
4.15000e+00		1.04485e+00		2.83417e-03
4.17000e+00		1.03462e+00		2.79471e-03
4.19000e+00		1.03390e+00		2.79933e-03
4.21000e+00		1.01627e+00		2.84183e-03
4.23000e+00		1.00743e+00		2.85683e-03
4.25000e+00		9.95330e-01		2.80213e-03
4.27000e+00		9.91088e-01		2.67995e-03
4.29000e+00		9.75377e-01		2.58038e-03
4.31000e+00		9.73211e-01		2.56581e-03
4.33000e+00		9.66366e-01		2.73462e-03
4.35000e+00		9.61488e-01		2.59551e-03
4.37000e+00		9.58476e-01		2.64338e-03
4.39000e+00		9.60527e-01		2.60529e-03
4.41000e+00		9.57436e-01		2.64892e-03
4.43000e+00		9.67880e-01		2.65381e-03
4.45000e+00		9.74486e-01		2.58577e-03
4.47000e+00		9.82995e-01		2.70004e-03
4.49000e+00		9.97681e-01		2.65217e-03
4.51000e+00		1.00183e+00		2.73182e-03
4.53000e+00		1.01663e+00		2.67237e-03
4.55000e+00		1.02095e+00		2.75141e-03
4.57000e+00		1.03514e+00		2.77525e-03
4.59000e+00		1.03102e+00		2.70828e-03
4.61000e+00		1.04254e+00		2.73272e-03
4.63000e+00		1.03926e+00		2.63544e-03
4.65000e+00		1.03367e+00		2.59460e-03
4.67000e+00		1.03040e+00		2.66165e-03
4.69000e+00		1.02662e+00		2.56338e-03
4.71000e+00		1.01861e+00		2.61827e-03
4.73000e+00		1.00488e+00		2.63537e-03
4.75000e+00		1.00452e+00		2.53290e-03
4.77000e+00		9.85729e-01		2.55563e-03
4.79000e+00		9.83254e-01		2.64380e-03
4.81000e+00		9.74657e-01		2.54724e-03
4.83000e+00		9.69662e-01		2.56463e-03
4.85000e+00		9.71056e-01		2.59108e-03
4.87000e+00		9.66258e-01		2.51464e-03
4.89000e+00		9.63379e-01		2.53241e-03
4.91000e+00		9.68481e-01		2.46807e-03
4.93000e+00		9.71908e-01		2.52484e-03
4.95000e+00		9.80735e-01		2.50060e-03
4.97000e+00		9.89629e-01		2.52211e-03
4.99000e+00		9.96367e-01		2.51076e-03
5.01000e+00		9.94274e-01		2.57092e-03
