# r	g(r)	sigma(g)
1.00000e-02		5.60898e-01		4.04838e-02
3.00000e-02		5.06548e-01		2.34314e-02
5.00000e-02		5.07417e-01		1.79636e-02
7.00000e-02		4.95212e-01		1.52218e-02
9.00000e-02		5.21041e-01		1.36215e-02
1.10000e-01		5.31252e-01		1.18297e-02
1.30000e-01		5.30295e-01		1.10198e-02
1.50000e-01		5.57420e-01		1.11141e-02
1.70000e-01		5.61090e-01		1.00758e-02
1.90000e-01		5.80808e-01		9.19621e-03
2.10000e-01		6.14628e-01		9.48906e-03
2.30000e-01		6.30514e-01		8.89003e-03
2.50000e-01		6.63295e-01		8.99062e-03
2.70000e-01		6.95446e-01		9.00152e-03
2.90000e-01		7.35757e-01		8.75932e-03
3.10000e-01		7.82649e-01		8.80454e-03
3.30000e-01		8.20793e-01		8.79852e-03
3.50000e-01		8.89331e-01		9.26666e-03
3.70000e-01		9.52046e-01		9.01498e-03
3.90000e-01		1.02614e+00		8.82173e-03
4.10000e-01		1.10120e+00		9.07870e-03
4.30000e-01		1.15509e+00		9.31431e-03
4.50000e-01		1.23572e+00		9.37165e-03
4.70000e-01		1.31225e+00		9.21637e-03
4.90000e-01		1.39832e+00		9.27094e-03
5.10000e-01		1.41830e+00		9.15521e-03
5.30000e-01		1.47159e+00		9.23757e-03
5.50000e-01		1.49296e+00		9.69109e-03
5.70000e-01		1.50105e+00		9.26141e-03
5.90000e-01		1.45547e+00		8.71119e-03
6.10000e-01		1.38252e+00		8.53685e-03
6.30000e-01		1.31021e+00		8.15632e-03
6.50000e-01		1.23618e+00		7.76024e-03
6.70000e-01		1.13951e+00		7.14167e-03
6.90000e-01		1.05157e+00		6.78705e-03
7.10000e-01		9.74591e-01		6.59622e-03
7.30000e-01		9.09606e-01		6.35893e-03
7.50000e-01		8.41260e-01		5.71659e-03
7.70000e-01		7.91119e-01		5.63364e-03
7.90000e-01		7.81328e-01		5.67130e-03
8.10000e-01		7.59580e-01		5.21262e-03
8.30000e-01		7.56953e-01		5.38539e-03
8.50000e-01		7.74132e-01		5.36696e-03
8.70000e-01		7.93181e-01		5.33711e-03
8.90000e-01		8.26105e-01		5.53305e-03
9.10000e-01		8.69908e-01		5.79929e-03
9.30000e-01		9.09724e-01		5.68570e-03
9.50000e-01		9.59054e-01		5.69581e-03
9.70000e-01		1.01815e+00		5.72306e-03
9.90000e-01		1.05819e+00		5.62344e-03
1.01000e+00		1.11944e+00		5.87336e-03
1.03000e+00		1.15998e+00		5.95117e-03
1.05000e+00		1.18910e+00		6.00781e-03
1.07000e+00		1.20795e+00		5.67116e-03
1.09000e+00		1.22253e+00		5.78626e-03
1.11000e+00		1.20717e+00		5.96955e-03
1.13000e+00		1.18794e+00		5.85933e-03
1.15000e+00		1.15115e+00		5.56582e-03
1.17000e+00		1.10962e+00		5.43142e-03
1.19000e+00		1.06650e+00		5.37393e-03
1.21000e+00		1.03178e+00		5.16728e-03
1.23000e+00		9.88280e-01		4.96162e-03
1.25000e+00		9.46040e-01		5.01743e-03
1.27000e+00		9.10522e-01		4.89284e-03
1.29000e+00		8.79924e-01		4.52838e-03
1.31000e+00		8.62756e-01		4.46141e-03
1.33000e+00		8.62311e-01		4.43537e-03
1.35000e+00		8.50478e-01		4.53715e-03
1.37000e+00		8.51678e-01		4.46500e-03
1.39000e+00		8.68843e-01		4.60590e-03
1.41000e+00		8.93455e-01		4.53452e-03
1.43000e+00		9.16123e-01		4.41214e-03
1.45000e+00		9.45903e-01		4.63779e-03
1.47000e+00		9.84522e-01		4.57639e-03
1.49000e+00		1.02272e+00		4.69982e-03
1.51000e+00		1.05265e+00		4.53962e-03
1.53000e+00		1.08273e+00		4.66121e-03
1.55000e+00		1.11414e+00		4.73116e-03
1.57000e+00		1.12086e+00		4.86773e-03
1.59000e+00		1.14661e+00		4.87028e-03
1.61000e+00		1.13770e+00		4.74588e-03
1.63000e+00		1.13282e+00		4.76535e-03
1.65000e+00		1.10446e+00		4.42087e-03
1.67000e+00		1.09096e+00		4.48535e-03
1.69000e+00		1.05939e+00		4.49949e-03
1.71000e+00		1.03485e+00		4.27868e-03
1.73000e+00		1.00879e+00		4.25915e-03
1.75000e+00		9.73578e-01		4.36236e-03
1.77000e+00		9.45277e-01		4.08017e-03
1.79000e+00		9.22564e-01		3.96641e-03
1.81000e+00		9.03379e-01		3.98077e-03
1.83000e+00		8.99102e-01		4.11117e-03
1.85000e+00		9.01174e-01		3.92411e-03
1.87000e+00		8.90385e-01		3.74644e-03
1.89000e+00		8.96854e-01		4.02120e-03
1.91000e+00		9.16573e-01		3.90723e-03
1.93000e+00		9.31254e-01		3.84338e-03
1.95000e+00		9.59196e-01		3.87558e-03
1.97000e+00		9.77732e-01		3.86982e-03
1.99000e+00		1.01245e+00		4.18276e-03
2.01000e+00		1.03680e+00		4.07611e-03
2.03000e+00		1.05283e+00		4.10663e-03
2.05000e+00		1.07605e+00		3.99395e-03
2.07000e+00		1.08837e+00		3.90706e-03
2.09000e+00		1.09522e+00		4.12161e-03
2.11000e+00		1.09515e+00		4.06349e-03
2.13000e+00		1.10038e+00		4.05261e-03
2.15000e+00		1.09075e+00		3.95483e-03
2.17000e+00		1.07634e+00		4.03312e-03
2.19000e+00		1.05142e+00		3.81032e-03
2.21000e+00		1.03220e+00		3.84860e-03
2.23000e+00		1.00207e+00		3.70376e-03
2.25000e+00		9.79673e-01		3.72819e-03
2.27000e+00		9.56274e-01		3.68487e-03
2.29000e+00		9.49788e-01		3.59497e-03
2.31000e+00		9.28718e-01		3.71230e-03
2.33000e+00		9.13202e-01		3.63217e-03
2.35000e+00		9.10204e-01		3.45422e-03
2.37000e+00		9.14714e-01		3.53593e-03
2.39000e+00		9.25084e-01		3.51221e-03
2.41000e+00		9.31574e-01		3.58647e-03
2.43000e+00		9.46264e-01		3.57237e-03
2.45000e+00		9.67569e-01		3.54606e-03
2.47000e+00		9.83130e-01		3.51532e-03
2.49000e+00		1.00051e+00		3.53037e-03
2.51000e+00		1.02235e+00		3.55215e-03
2.53000e+00		1.03731e+00		3.54851e-03
2.55000e+00		1.05220e+00		3.63811e-03
2.57000e+00		1.07048e+00		3.57136e-03
2.59000e+00		1.07818e+00		3.64574e-03
2.61000e+00		1.08536e+00		3.61474e-03
2.63000e+00		1.07562e+00		3.54744e-03
2.65000e+00		1.06466e+00		3.55490e-03
2.67000e+00		1.06514e+00		3.47475e-03
2.69000e+00		1.04528e+00		3.42921e-03
2.71000e+00		1.02263e+00		3.42906e-03
2.73000e+00		1.01348e+00		3.41075e-03
2.75000e+00		9.87430e-01		3.37550e-03
2.77000e+00		9.71977e-01		3.31854e-03
2.79000e+00		9.54969e-01		3.29897e-03
2.81000e+00		9.47766e-01		3.40138e-03
2.83000e+00		9.32772e-01		3.12124e-03
2.85000e+00		9.31032e-01		3.21069e-03
2.87000e+00		9.26691e-01		3.26437e-03
2.89000e+00		9.35240e-01		3.23679e-03
2.91000e+00		9.41767e-01		3.27118e-03
2.93000e+00		9.53425e-01		3.20845e-03
2.95000e+00		9.68307e-01		3.10604e-03
2.97000e+00		9.81056e-01		3.32115e-03
2.99000e+00		1.00453e+00		3.41721e-03
3.01000e+00		1.01140e+00		3.18285e-03
3.03000e+00		1.03571e+00		3.43608e-03
3.05000e+00		1.04786e+00		3.23835e-03
3.07000e+00		1.05435e+00		3.27353e-03
3.09000e+00		1.06691e+00		3.26927e-03
3.11000e+00		1.06721e+00		3.25560e-03
3.13000e+00		1.06442e+00		3.29270e-03
3.15000e+00		1.05867e+00		3.28769e-03
3.17000e+00		1.05029e+00		3.26090e-03
3.19000e+00		1.03341e+00		3.11793e-03
3.21000e+00		1.02898e+00		3.15868e-03
3.23000e+00		1.00995e+00		3.13945e-03
3.25000e+00		9.99182e-01		3.05709e-03
3.27000e+00		9.76267e-01		3.18095e-03
3.29000e+00		9.67130e-01		2.99128e-03
3.31000e+00		9.54764e-01		2.96732e-03
3.33000e+00		9.45485e-01		3.06402e-03
3.35000e+00		9.33348e-01		2.96459e-03
3.37000e+00		9.45942e-01		2.99801e-03
3.39000e+00		9.43661e-01		2.91300e-03
3.41000e+00		9.44744e-01		3.00331e-03
3.43000e+00		9.60580e-01		3.09567e-03
3.45000e+00		9.69908e-01		2.96723e-03
3.47000e+00		9.86290e-01		2.95696e-03
3.49000e+00		1.00097e+00		3.06969e-03
3.51000e+00		1.00872e+00		3.04399e-03
3.53000e+00		1.02867e+00		2.99676e-03
3.55000e+00		1.04361e+00		3.09671e-03
3.57000e+00		1.04613e+00		2.97746e-03
3.59000e+00		1.05252e+00		3.09873e-03
3.61000e+00		1.06459e+00		3.08768e-03
3.63000e+00		1.05250e+00		2.96298e-03
3.65000e+00		1.05465e+00		3.03509e-03
3.67000e+00		1.04507e+00		2.96019e-03
3.69000e+00		1.03325e+00		2.95071e-03
3.71000e+00		1.01961e+00		2.88104e-03
3.73000e+00		1.01298e+00		2.84063e-03
3.75000e+00		9.95060e-01		2.83947e-03
3.77000e+00		9.86130e-01		2.89323e-03
3.79000e+00		9.71608e-01		2.82847e-03
3.81000e+00		9.59549e-01		2.83584e-03
3.83000e+00		9.50443e-01		2.78704e-03
3.85000e+00		9.50969e-01		2.78999e-03
3.87000e+00		9.43417e-01		2.80016e-03
3.89000e+00		9.49372e-01		2.92630e-03
3.91000e+00		9.55909e-01		2.76595e-03
3.93000e+00		9.64478e-01		2.78451e-03
3.95000e+00		9.75694e-01		2.71228e-03
3.97000e+00		9.81736e-01		2.86561e-03
3.99000e+00		9.94003e-01		2.79258e-03
4.01000e+00		1.01117e+00		2.81485e-03
4.03000e+00		1.02070e+00		2.86435e-03
4.05000e+00		1.03046e+00		2.83836e-03
4.07000e+00		1.04170e+00		2.79708e-03
4.09000e+00		1.04481e+00		2.91755e-03
4.11000e+00		1.05224e+00		2.83680e-03
4.13000e+00		1.05221e+00		2.94767e-03
4.15000e+00		1.04390e+00		2.69266e-03
4.17000e+00		1.04172e+00		2.69723e-03
4.19000e+00		1.03301e+00		2.81000e-03
4.21000e+00		1.02256e+00		2.79719e-03
4.23000e+00		1.01127e+00		2.76646e-03
4.25000e+00		9.95713e-01		2.73719e-03
4.27000e+00		9.86536e-01		2.63606e-03
4.29000e+00		9.70641e-01		2.65668e-03
4.31000e+00		9.69859e-01		2.73613e-03
4.33000e+00		9.55348e-01		2.68451e-03
4.35000e+00		9.48594e-01		2.55216e-03
4.37000e+00		9.52185e-01		2.60195e-03
4.39000e+00		9.53285e-01		2.59370e-03
4.41000e+00		9.62087e-01		2.70562e-03
4.43000e+00		9.67313e-01		2.64251e-03
4.45000e+00		9.75951e-01		2.53873e-03
4.47000e+00		9.85891e-01		2.64048e-03
4.49000e+00		9.93737e-01		2.65855e-03
4.51000e+00		1.01237e+00		2.78361e-03
4.53000e+00		1.01776e+00		2.62925e-03
4.55000e+00		1.03074e+00		2.68665e-03
4.57000e+00		1.03741e+00		2.71513e-03
4.59000e+00		1.04388e+00		2.53107e-03
4.61000e+00		1.04625e+00		2.63716e-03
4.63000e+00		1.04510e+00		2.63417e-03
4.65000e+00		1.04023e+00		2.74436e-03
4.67000e+00		1.03470e+00		2.74992e-03
4.69000e+00		1.02148e+00		2.73337e-03
4.71000e+00		1.01827e+00		2.58759e-03
4.73000e+00		1.00978e+00		2.63349e-03
4.75000e+00		9.99738e-01		2.62122e-03
4.77000e+00		9.91704e-01		2.43639e-03
4.79000e+00		9.83539e-01		2.48016e-03
4.81000e+00		9.69002e-01		2.63537e-03
4.83000e+00		9.62127e-01		2.51733e-03
4.85000e+00		9.64070e-01		2.52359e-03
4.87000e+00		9.55597e-01		2.54280e-03
4.89000e+00		9.54783e-01		2.49293e-03
4.91000e+00		9.67618e-01		2.59093e-03
4.93000e+00		9.72761e-01		2.46174e-03
4.95000e+00		9.81045e-01		2.35804e-03
4.97000e+00		9.88816e-01		2.58449e-03
4.99000e+00		9.93577e-01		2.49011e-03
5.01000e+00		9.93897e-01		2.53653e-03
