# r	g(r)	sigma(g)
1.00000e-02		4.56545e-01		3.72104e-02
3.00000e-02		5.11983e-01		2.39369e-02
5.00000e-02		5.23722e-01		1.77621e-02
7.00000e-02		5.25027e-01		1.48933e-02
9.00000e-02		5.40607e-01		1.40587e-02
1.10000e-01		5.24434e-01		1.21078e-02
1.30000e-01		5.41081e-01		1.12892e-02
1.50000e-01		5.41767e-01		1.05237e-02
1.70000e-01		5.68763e-01		1.04029e-02
1.90000e-01		5.73084e-01		1.00100e-02
2.10000e-01		5.95217e-01		9.44412e-03
2.30000e-01		6.47528e-01		9.23757e-03
2.50000e-01		6.66556e-01		8.93894e-03
2.70000e-01		7.01002e-01		9.13246e-03
2.90000e-01		7.50826e-01		9.36803e-03
3.10000e-01		7.88434e-01		8.91773e-03
3.30000e-01		8.29687e-01		8.99263e-03
3.50000e-01		8.78710e-01		8.73877e-03
3.70000e-01		9.42880e-01		8.91037e-03
3.90000e-01		1.03333e+00		8.98757e-03
4.10000e-01		1.10159e+00		9.37190e-03
4.30000e-01		1.16290e+00		9.15016e-03
4.50000e-01		1.24550e+00		9.34866e-03
4.70000e-01		1.30518e+00		9.32302e-03
4.90000e-01		1.38627e+00		9.77754e-03
5.10000e-01		1.44004e+00		9.59051e-03
5.30000e-01		1.48371e+00		9.53668e-03
5.50000e-01		1.48407e+00		9.23899e-03
5.70000e-01		1.47948e+00		8.68281e-03
5.90000e-01		1.44624e+00		8.97153e-03
6.10000e-01		1.39043e+00		8.29949e-03
6.30000e-01		1.31472e+00		8.21370e-03
6.50000e-01		1.24832e+00		7.66439e-03
6.70000e-01		1.14978e+00		7.15664e-03
6.90000e-01		1.05473e+00		6.82231e-03
7.10000e-01		9.70457e-01		6.39450e-03
7.30000e-01		9.05764e-01		6.18395e-03
7.50000e-01		8.36782e-01		5.93534e-03
7.70000e-01		7.99293e-01		5.54185e-03
7.90000e-01		7.65146e-01		5.48314e-03
8.10000e-01		7.57889e-01		5.59896e-03
8.30000e-01		7.57778e-01		5.40845e-03
8.50000e-01		7.67072e-01		5.25392e-03
8.70000e-01		7.98017e-01		5.24650e-03
8.90000e-01		8.22661e-01		5.38357e-03
9.10000e-01		8.60627e-01		5.28715e-03
9.30000e-01		9.10390e-01		5.59555e-03
9.50000e-01		9.68116e-01		5.54112e-03
9.70000e-01		1.03096e+00		5.80581e-03
9.90000e-01		1.06705e+00		5.67110e-03
1.01000e+00		1.12470e+00		5.88127e-03
1.03000e+00		1.14893e+00		5.78527e-03
1.05000e+00		1.19034e+00		5.99499e-03
1.07000e+00		1.20253e+00		6.19668e-03
1.09000e+00		1.21005e+00		5.98872e-03
1.11000e+00		1.20846e+00		5.79238e-03
1.13000e+00		1.19198e+00		5.74985e-03
1.15000e+00		1.15197e+00		5.63230e-03
1.17000e+00		1.12375e+00		5.76389e-03
1.19000e+00		1.07494e+00		5.42750e-03
1.21000e+00		1.02192e+00		5.09620e-03
1.23000e+00		9.81360e-01		5.11336e-03
1.25000e+00		9.35474e-01		4.70284e-03
1.27000e+00		9.01818e-01		4.62600e-03
1.29000e+00		8.83640e-01		4.73872e-03
1.31000e+00		8.63428e-01		4.59671e-03
1.33000e+00		8.49708e-01		4.73053e-03
1.35000e+00		8.58836e-01		4.44694e-03
1.37000e+00		8.54915e-01		4.61629e-03
1.39000e+00		8.70744e-01		4.42851e-03
1.41000e+00		8.89292e-01		4.26028e-03
1.43000e+00		9.20866e-01		4.65093e-03
1.45000e+00		9.47005e-01		4.64101e-03
1.47000e+00		9.95725e-01		4.65956e-03
1.49000e+00		1.02830e+00		4.82796e-03
1.51000e+00		1.05431e+00		4.50656e-03
1.53000e+00		1.09332e+00		4.59581e-03
1.55000e+00		1.12104e+00		4.68119e-03
1.57000e+00		1.11957e+00		4.71699e-03
1.59000e+00		1.13427e+00		4.72120e-03
1.61000e+00		1.14491e+00		4.90210e-03
1.63000e+00		1.12466e+00		4.76136e-03
1.65000e+00		1.12071e+00		4.74837e-03
1.67000e+00		1.09729e+00		4.52989e-03
1.69000e+00		1.05957e+00		4.29399e-03
1.71000e+00		1.02185e+00		4.27141e-03
1.73000e+00		1.00515e+00		4.18779e-03
1.75000e+00		9.69869e-01		4.35084e-03
1.77000e+00		9.45645e-01		4.20394e-03
1.79000e+00		9.25934e-01		4.07799e-03
1.81000e+00		9.00947e-01		3.99791e-03
1.83000e+00		8.89051e-01		3.85044e-03
1.85000e+00		8.93189e-01		3.88151e-03
1.87000e+00		8.94256e-01		4.00254e-03
1.89000e+00		9.08690e-01		3.98868e-03
1.91000e+00		9.15105e-01		4.03833e-03
1.93000e+00		9.31017e-01		3.74650e-03
1.95000e+00		9.58527e-01		3.97044e-03
1.97000e+00		9.87779e-01		3.97281e-03
1.99000e+00		1.01259e+00		3.85890e-03
2.01000e+00		1.02838e+00		4.10117e-03
2.03000e+00		1.06035e+00		4.10282e-03
2.05000e+00		1.08009e+00		4.13621e-03
2.07000e+00		1.09260e+00		4.14579e-03
2.09000e+00		1.10193e+00		4.25506e-03
2.11000e+00		1.10520e+00		4.19938e-03
2.13000e+00		1.09228e+00		3.96361e-03
2.15000e+00		1.08847e+00		4.08872e-03
2.17000e+00		1.07333e+00		4.09387e-03
2.19000e+00		1.05579e+00		3.86523e-03
2.21000e+00		1.02042e+00		3.81792e-03
2.23000e+00		1.00544e+00		3.77662e-03
2.25000e+00		9.82326e-01		3.64897e-03
2.27000e+00		9.57667e-01		3.60582e-03
2.29000e+00		9.37441e-01		3.41131e-03
2.31000e+00		9.29508e-01		3.49588e-03
2.33000e+00		9.22971e-01		3.57087e-03
2.35000e+00		9.10010e-01		3.61933e-03
2.37000e+00		9.22337e-01		3.62138e-03
2.39000e+00		9.20526e-01		3.50368e-03
2.41000e+00		9.34240e-01		3.57370e-03
2.43000e+00		9.44681e-01		3.49395e-03
2.45000e+00		9.66558e-01		3.60618e-03
2.47000e+00		9.78799e-01		3.59198e-03
2.49000e+00		1.01027e+00		3.40650e-03
2.51000e+00		1.02196e+00		3.52889e-03
2.53000e+00		1.03716e+00		3.54774e-03
2.55000e+00		1.06311e+00		3.76726e-03
2.57000e+00		1.07133e+00		3.63179e-03
2.59000e+00		1.07915e+00		3.68136e-03
2.61000e+00		1.07690e+00		3.57897e-03
2.63000e+00		1.08358e+00		3.68502e-03
2.65000e+00		1.07569e+00		3.58402e-03
2.67000e+00		1.06216e+00		3.61421e-03
2.69000e+00		1.04038e+00		3.42540e-03
2.71000e+00		1.02612e+00		3.41122e-03
2.73000e+00		1.00954e+00		3.40025e-03
2.75000e+00		9.85829e-01		3.29510e-03
2.77000e+00		9.62971e-01		3.20914e-03
2.79000e+00		9.48132e-01		3.24215e-03
2.81000e+00		9.40269e-01		3.13348e-03
2.83000e+00		9.33624e-01		3.22665e-03
2.85000e+00		9.25917e-01		3.22316e-03
2.87000e+00		9.24998e-01		3.10588e-03
2.89000e+00		9.36549e-01		3.15712e-03
2.91000e+00		9.40456e-01		3.19456e-03
2.93000e+00		9.58656e-01		3.26883e-03
2.95000e+00		9.70518e-01		3.12474e-03
2.97000e+00		9.80814e-01		3.26378e-03
2.99000e+00		1.00187e+00		3.14975e-03
3.01000e+00		1.02232e+00		3.23002e-03
3.03000e+00		1.03276e+00		3.32148e-03
3.05000e+00		1.04695e+00		3.25958e-03
3.07000e+00		1.05753e+00		3.33718e-03
3.09000e+00		1.07022e+00		3.31456e-03
3.11000e+00		1.07395e+00		3.36558e-03
3.13000e+00		1.06534e+00		3.31044e-03
3.15000e+00		1.06954e+00		3.24895e-03
3.17000e+00		1.05081e+00		3.24782e-03
3.19000e+00		1.03619e+00		3.26740e-03
3.21000e+00		1.02280e+00		3.10768e-03
3.23000e+00		1.00851e+00		3.26669e-03
3.25000e+00		9.88967e-01		3.12687e-03
3.27000e+00		9.77822e-01		3.19458e-03
3.29000e+00		9.63354e-01		3.09360e-03
3.31000e+00		9.49326e-01		2.97336e-03
3.33000e+00		9.43252e-01		3.03297e-03
3.35000e+00		9.38468e-01		3.00609e-03
3.37000e+00		9.39343e-01		3.00270e-03
3.39000e+00		9.45229e-01		2.94597e-03
3.41000e+00		9.51878e-01		2.94771e-03
3.43000e+00		9.62329e-01		2.99245e-03
3.45000e+00		9.67583e-01		3.11916e-03
3.47000e+00		9.81158e-01		3.05262e-03
3.49000e+00		9.94766e-01		2.89886e-03
3.51000e+00		1.01270e+00		3.09517e-03
3.53000e+00		1.02661e+00		2.88819e-03
3.55000e+00		1.04007e+00		3.10783e-03
3.57000e+00		1.04980e+00		3.00401e-03
3.59000e+00		1.05348e+00		3.13987e-03
3.61000e+00		1.05837e+00		3.09497e-03
3.63000e+00		1.06029e+00		2.98469e-03
3.65000e+00		1.05270e+00		3.03812e-03
3.67000e+00		1.04856e+00		3.04574e-03
3.69000e+00		1.02996e+00		3.02122e-03
3.71000e+00		1.02206e+00		2.99685e-03
3.73000e+00		1.00802e+00		2.93261e-03
3.75000e+00		9.93538e-01		2.76758e-03
3.77000e+00		9.85551e-01		2.90882e-03
3.79000e+00		9.69302e-01		2.82913e-03
3.81000e+00		9.57195e-01		2.83717e-03
3.83000e+00		9.53721e-01		2.77526e-03
3.85000e+00		9.45497e-01		2.79566e-03
3.87000e+00		9.45187e-01		2.63028e-03
3.89000e+00		9.46363e-01		2.64522e-03
3.91000e+00		9.53816e-01		2.82926e-03
3.93000e+00		9.63051e-01		2.72614e-03
3.95000e+00		9.75496e-01		2.80483e-03
3.97000e+00		9.80233e-01		2.76639e-03
3.99000e+00		1.00384e+00		2.87817e-03
4.01000e+00		1.01226e+00		2.76102e-03
4.03000e+00		1.02147e+00		2.86261e-03
4.05000e+00		1.03485e+00		2.76797e-03
4.07000e+00		1.04495e+00		2.79565e-03
4.09000e+00		1.04891e+00		2.88623e-03
4.11000e+00		1.04994e+00		2.79717e-03
4.13000e+00		1.05893e+00		2.84293e-03
4.15000e+00		1.04577e+00		2.81621e-03
4.17000e+00		1.03883e+00		2.90375e-03
4.19000e+00		1.03057e+00		2.82523e-03
4.21000e+00		1.02275e+00		2.65480e-03
4.23000e+00		1.00401e+00		2.75962e-03
4.25000e+00		9.93918e-01		2.62565e-03
4.27000e+00		9.75768e-01		2.57502e-03
4.29000e+00		9.68741e-01		2.63564e-03
4.31000e+00		9.61279e-01		2.68650e-03
4.33000e+00		9.58451e-01		2.56723e-03
4.35000e+00		9.55094e-01		2.70843e-03
4.37000e+00		9.56133e-01		2.68921e-03
4.39000e+00		9.57482e-01		2.53698e-03
4.41000e+00		9.59063e-01		2.63730e-03
4.43000e+00		9.65407e-01		2.64738e-03
4.45000e+00		9.72712e-01		2.78492e-03
4.47000e+00		9.89305e-01		2.71587e-03
4.49000e+00		1.00115e+00		2.65281e-03
4.51000e+00		1.00920e+00		2.73402e-03
4.53000e+00		1.02637e+00		2.57552e-03
4.55000e+00		1.03373e+00		2.64623e-03
4.57000e+00		1.03838e+00		2.65148e-03
4.59000e+00		1.04006e+00		2.64272e-03
4.61000e+00		1.04572e+00		2.70245e-03
4.63000e+00		1.04089e+00		2.65000e-03
4.65000e+00		1.04183e+00		2.58223e-03
4.67000e+00		1.03878e+00		2.66040e-03
4.69000e+00		1.03217e+00		2.65969e-03
4.71000e+00		1.01994e+00		2.58592e-03
4.73000e+00		1.00262e+00		2.45266e-03
4.75000e+00		9.95701e-01		2.57817e-03
4.77000e+00		9.83896e-01		2.51996e-03
4.79000e+00		9.78399e-01		2.55182e-03
4.81000e+00		9.68833e-01		2.55468e-03
4.83000e+00		9.65138e-01		2.54924e-03
4.85000e+00		9.54798e-01		2.47005e-03
4.87000e+00		9.57017e-01		2.51249e-03
4.89000e+00		9.59091e-01		2.48155e-03
4.91000e+00		9.65493e-01		2.52335e-03
4.93000e+00		9.68561e-01		2.46453e-03
4.95000e+00		9.82955e-01		2.41704e-03
4.97000e+00		9.88619e-01		2.48714e-03
4.99000e+00		9.95975e-01		2.48967e-03
5.01000e+00		9.92279e-01		2.54685e-03
