# r	g(r)	sigma(g)
1.00000e-02		5.02200e-01		3.94092e-02
3.00000e-02		5.34810e-01		2.37031e-02
5.00000e-02		5.04156e-01		1.79498e-02
7.00000e-02		4.89621e-01		1.49166e-02
9.00000e-02		4.94953e-01		1.32894e-02
1.10000e-01		5.08129e-01		1.27115e-02
1.30000e-01		5.36817e-01		1.15612e-02
1.50000e-01		5.55028e-01		1.11181e-02
1.70000e-01		5.55143e-01		1.02338e-02
1.90000e-01		5.70681e-01		9.60182e-03
2.10000e-01		6.03136e-01		9.39991e-03
2.30000e-01		6.29664e-01		9.46594e-03
2.50000e-01		6.67860e-01		9.40338e-03
2.70000e-01		6.90977e-01		9.06130e-03
2.90000e-01		7.34071e-01		9.01054e-03
3.10000e-01		7.83701e-01		8.80051e-03
3.30000e-01		8.14172e-01		8.58205e-03
3.50000e-01		8.82716e-01		8.99618e-03
3.70000e-01		9.50901e-01		8.79981e-03
3.90000e-01		1.01786e+00		8.81599e-03
4.10000e-01		1.09523e+00		8.83969e-03
4.30000e-01		1.16169e+00		9.09891e-03
4.50000e-01		1.24202e+00		9.29918e-03
4.70000e-01		1.32190e+00		9.37909e-03
4.90000e-01		1.37549e+00		9.39935e-03
5.10000e-01		1.42188e+00		8.75048e-03
5.30000e-01		1.48439e+00		9.53926e-03
5.50000e-01		1.48306e+00		9.24438e-03
5.70000e-01		1.48320e+00		8.81728e-03
5.90000e-01		1.44923e+00		8.84405e-03
6.10000e-01		1.38760e+00		8.32235e-03
6.30000e-01		1.32559e+00		7.78396e-03
6.50000e-01		1.23573e+00		7.78727e-03
6.70000e-01		1.14934e+00		7.11521e-03
6.90000e-01		1.05828e+00		7.19425e-03
7.10000e-01		9.70778e-01		6.57989e-03
7.30000e-01		9.02056e-01		6.10599e-03
7.50000e-01		8.47000e-01		5.99977e-03
7.70000e-01		8.04841e-01		5.74510e-03
7.90000e-01		7.72824e-01		5.58810e-03
8.10000e-01		7.60627e-01		5.46199e-03
8.30000e-01		7.54910e-01		5.49818e-03
8.50000e-01		7.67571e-01		5.38640e-03
8.70000e-01		7.89621e-01		5.43377e-03
8.90000e-01		8.14746e-01		5.24847e-03
9.10000e-01		8.57438e-01		5.32840e-03
9.30000e-01		9.04850e-01		5.36765e-03
9.50000e-01		9.68150e-01		5.73383e-03
9.70000e-01		1.01375e+00		5.70609e-03
9.90000e-01		1.06876e+00		6.00781e-03
1.01000e+00		1.10830e+00		6.03041e-03
1.03000e+00		1.15707e+00		6.14711e-03
1.05000e+00		1.17894e+00		5.92142e-03
1.07000e+00		1.20823e+00		6.26463e-03
1.09000e+00		1.20850e+00		5.89062e-03
1.11000e+00		1.19704e+00		6.03278e-03
1.13000e+00		1.18344e+00		5.56932e-03
1.15000e+00		1.15557e+00		5.50056e-03
1.17000e+00		1.11689e+00		5.52761e-03
1.19000e+00		1.07384e+00		5.16898e-03
1.21000e+00		1.02200e+00		4.95816e-03
1.23000e+00		9.83613e-01		4.95158e-03
1.25000e+00		9.43326e-01		4.88924e-03
1.27000e+00		9.06645e-01		4.67825e-03
1.29000e+00		8.82957e-01		4.54873e-03
1.31000e+00		8.60988e-01		4.56351e-03
1.33000e+00		8.51940e-01		4.45281e-03
1.35000e+00		8.48739e-01		4.39128e-03
1.37000e+00		8.51011e-01		4.38233e-03
1.39000e+00		8.77148e-01		4.73474e-03
1.41000e+00		8.83671e-01		4.45215e-03
1.43000e+00		9.18130e-01		4.62979e-03
1.45000e+00		9.49389e-01		4.42051e-03
1.47000e+00		9.87295e-01		4.62666e-03
1.49000e+00		1.02232e+00		4.60431e-03
1.51000e+00		1.04757e+00		4.61701e-03
1.53000e+00		1.08324e+00		4.63896e-03
1.55000e+00		1.10772e+00		4.71450e-03
1.57000e+00		1.12406e+00		4.64550e-03
1.59000e+00		1.13133e+00		4.77749e-03
1.61000e+00		1.12856e+00		4.86159e-03
1.63000e+00		1.12686e+00		4.65224e-03
1.65000e+00		1.10514e+00		4.57554e-03
1.67000e+00		1.08061e+00		4.44837e-03
1.69000e+00		1.06003e+00		4.50576e-03
1.71000e+00		1.03455e+00		4.33767e-03
1.73000e+00		9.96859e-01		4.35171e-03
1.75000e+00		9.73429e-01		4.12213e-03
1.77000e+00		9.47801e-01		4.12172e-03
1.79000e+00		9.19157e-01		3.96743e-03
1.81000e+00		9.05757e-01		3.95161e-03
1.83000e+00		8.97159e-01		4.05021e-03
1.85000e+00		8.85997e-01		4.11410e-03
1.87000e+00		8.90123e-01		3.93984e-03
1.89000e+00		9.00736e-01		3.78793e-03
1.91000e+00		9.09027e-01		3.90360e-03
1.93000e+00		9.32741e-01		3.80530e-03
1.95000e+00		9.59497e-01		3.87045e-03
1.97000e+00		9.78145e-01		3.94831e-03
1.99000e+00		1.01218e+00		4.03774e-03
2.01000e+00		1.03169e+00		3.92678e-03
2.03000e+00		1.05964e+00		3.87481e-03
2.05000e+00		1.07629e+00		4.20069e-03
2.07000e+00		1.08518e+00		4.10444e-03
2.09000e+00		1.09307e+00		3.96739e-03
2.11000e+00		1.09844e+00		3.93654e-03
2.13000e+00		1.09044e+00		4.05964e-03
2.15000e+00		1.08515e+00		4.08484e-03
2.17000e+00		1.06777e+00		3.98390e-03
2.19000e+00		1.04864e+00		3.86235e-03
2.21000e+00		1.02839e+00		3.79076e-03
2.23000e+00		1.00166e+00		3.68917e-03
2.25000e+00		9.78630e-01		3.78157e-03
2.27000e+00		9.59061e-01		3.65691e-03
2.29000e+00		9.53148e-01		3.67676e-03
2.31000e+00		9.25781e-01		3.65627e-03
2.33000e+00		9.18059e-01		3.49205e-03
2.35000e+00		9.19751e-01		3.50836e-03
2.37000e+00		9.12801e-01		3.42311e-03
2.39000e+00		9.18166e-01		3.59141e-03
2.41000e+00		9.25593e-01		3.48832e-03
2.43000e+00		9.36414e-01		3.53958e-03
2.45000e+00		9.65653e-01		3.47725e-03
2.47000e+00		9.84133e-01		3.62231e-03
2.49000e+00		9.95729e-01		3.52483e-03
2.51000e+00		1.02222e+00		3.65805e-03
2.53000e+00		1.04456e+00		3.50774e-03
2.55000e+00		1.05314e+00		3.50093e-03
2.57000e+00		1.06442e+00		3.60550e-03
2.59000e+00		1.08045e+00		3.62752e-03
2.61000e+00		1.08807e+00		3.60462e-03
2.63000e+00		1.07478e+00		3.49756e-03
2.65000e+00		1.06983e+00		3.70024e-03
2.67000e+00		1.06566e+00		3.45881e-03
2.69000e+00		1.04382e+00		3.59382e-03
2.71000e+00		1.02766e+00		3.55198e-03
2.73000e+00		1.00300e+00		3.19786e-03
2.75000e+00		9.91118e-01		3.36186e-03
2.77000e+00		9.72107e-01		3.37921e-03
2.79000e+00		9.58032e-01		3.36515e-03
2.81000e+00		9.37902e-01		3.24000e-03
2.83000e+00		9.32979e-01		3.22790e-03
2.85000e+00		9.32130e-01		3.17349e-03
2.87000e+00		9.30543e-01		3.20165e-03
2.89000e+00		9.35963e-01		3.25275e-03
2.91000e+00		9.37531e-01		3.17974e-03
2.93000e+00		9.50364e-01		3.24591e-03
2.95000e+00		9.65842e-01		3.19258e-03
2.97000e+00		9.81693e-01		3.15841e-03
2.99000e+00		1.00458e+00		3.27905e-03
3.01000e+00		1.01366e+00		3.15966e-03
3.03000e+00		1.03211e+00		3.35102e-03
3.05000e+00		1.04443e+00		3.26614e-03
3.07000e+00		1.05458e+00		3.29062e-03
3.09000e+00		1.06997e+00		3.28293e-03
3.11000e+00		1.06712e+00		3.21374e-03
3.13000e+00		1.06379e+00		3.20061e-03
3.15000e+00		1.05493e+00		3.20065e-03
3.17000e+00		1.05276e+00		3.12078e-03
3.19000e+00		1.03711e+00		3.18159e-03
3.21000e+00		1.02231e+00		3.08419e-03
3.23000e+00		1.00573e+00		3.04495e-03
3.25000e+00		9.91335e-01		3.08388e-03
3.27000e+00		9.77822e-01		3.17246e-03
3.29000e+00		9.62541e-01		3.14100e-03
3.31000e+00		9.51267e-01		2.89880e-03
3.33000e+00		9.44594e-01		3.07271e-03
3.35000e+00		9.39938e-01		2.94618e-03
3.37000e+00		9.38337e-01		2.95743e-03
3.39000e+00		9.42305e-01		2.89238e-03
3.41000e+00		9.54355e-01		3.04833e-03
3.43000e+00		9.61977e-01		3.04994e-03
3.45000e+00		9.73547e-01		3.02867e-03
3.47000e+00		9.82352e-01		2.98957e-03
3.49000e+00		1.00080e+00		2.96516e-03
3.51000e+00		1.01684e+00		3.00833e-03
3.53000e+00		1.02353e+00		3.00161e-03
3.55000e+00		1.03305e+00		3.08380e-03
3.57000e+00		1.04787e+00		3.11336e-03
3.59000e+00		1.05902e+00		2.98408e-03
3.61000e+00		1.05870e+00		3.06908e-03
3.63000e+00		1.06101e+00		2.96618e-03
3.65000e+00		1.05063e+00		2.97715e-03
3.67000e+00		1.03955e+00		2.96363e-03
3.69000e+00		1.03286e+00		2.96693e-03
3.71000e+00		1.02096e+00		2.91329e-03
3.73000e+00		1.00867e+00		2.99520e-03
3.75000e+00		9.97729e-01		2.89628e-03
3.77000e+00		9.76892e-01		2.99699e-03
3.79000e+00		9.68752e-01		2.77434e-03
3.81000e+00		9.62348e-01		2.84288e-03
3.83000e+00		9.56224e-01		2.89582e-03
3.85000e+00		9.50147e-01		2.81936e-03
3.87000e+00		9.49804e-01		2.70580e-03
3.89000e+00		9.49397e-01		2.71875e-03
3.91000e+00		9.55308e-01		2.81496e-03
3.93000e+00		9.58794e-01		2.85427e-03
3.95000e+00		9.71789e-01		2.74738e-03
3.97000e+00		9.85120e-01		2.87975e-03
3.99000e+00		9.93758e-01		2.76974e-03
4.01000e+00		1.00988e+00		2.86343e-03
4.03000e+00		1.02282e+00		2.88152e-03
4.05000e+00		1.03418e+00		2.80758e-03
4.07000e+00		1.04407e+00		2.82838e-03
4.09000e+00		1.04779e+00		2.84257e-03
4.11000e+00		1.04953e+00		2.77367e-03
4.13000e+00		1.05631e+00		2.86935e-03
4.15000e+00		1.04726e+00		2.86004e-03
4.17000e+00		1.03967e+00		2.86354e-03
4.19000e+00		1.03094e+00		2.80921e-03
4.21000e+00		1.02448e+00		2.74539e-03
4.23000e+00		1.00648e+00		2.74066e-03
4.25000e+00		9.99742e-01		2.79041e-03
4.27000e+00		9.87903e-01		2.64154e-03
4.29000e+00		9.75149e-01		2.72187e-03
4.31000e+00		9.63443e-01		2.62419e-03
4.33000e+00		9.57397e-01		2.60996e-03
4.35000e+00		9.55574e-01		2.62379e-03
4.37000e+00		9.55334e-01		2.55608e-03
4.39000e+00		9.53686e-01		2.67794e-03
4.41000e+00		9.59972e-01		2.66752e-03
4.43000e+00		9.62786e-01		2.59987e-03
4.45000e+00		9.73328e-01		2.72980e-03
4.47000e+00		9.85096e-01		2.71808e-03
4.49000e+00		1.00156e+00		2.62444e-03
4.51000e+00		1.01008e+00		2.65772e-03
4.53000e+00		1.01608e+00		2.64480e-03
4.55000e+00		1.03257e+00		2.66336e-03
4.57000e+00		1.04076e+00		2.62591e-03
4.59000e+00		1.04034e+00		2.68923e-03
4.61000e+00		1.04002e+00		2.64929e-03
4.63000e+00		1.04612e+00		2.70069e-03
4.65000e+00		1.04483e+00		2.67423e-03
4.67000e+00		1.04328e+00		2.61478e-03
4.69000e+00		1.02680e+00		2.68908e-03
4.71000e+00		1.02096e+00		2.61215e-03
4.73000e+00		1.00833e+00		2.45765e-03
4.75000e+00		9.95358e-01		2.52418e-03
4.77000e+00		9.85756e-01		2.57089e-03
4.79000e+00		9.76030e-01		2.55327e-03
4.81000e+00		9.75755e-01		2.45195e-03
4.83000e+00		9.65685e-01		2.49043e-03
4.85000e+00		9.64359e-01		2.55737e-03
4.87000e+00		9.57352e-01		2.49001e-03
4.89000e+00		9.62559e-01		2.58473e-03
4.91000e+00		9.62942e-01		2.53932e-03
4.93000e+00		9.70360e-01		2.44999e-03
4.95000e+00		9.78397e-01		2.44920e-03
4.97000e+00		9.91257e-01		2.49840e-03
4.99000e+00		1.00369e+00		2.56462e-03
5.01000e+00		9.91218e-01		2.54645e-03
