# r	g(r)	sigma(g)
1.00000e-02		4.92416e-01		3.93990e-02
3.00000e-02		5.03287e-01		2.41225e-02
5.00000e-02		5.19809e-01		1.83243e-02
7.00000e-02		5.19437e-01		1.59704e-02
9.00000e-02		4.93503e-01		1.33438e-02
1.10000e-01		5.22062e-01		1.23184e-02
1.30000e-01		5.56885e-01		1.18028e-02
1.50000e-01		5.47419e-01		1.10119e-02
1.70000e-01		5.55719e-01		9.76921e-03
1.90000e-01		5.61928e-01		9.78860e-03
2.10000e-01		5.98167e-01		9.33563e-03
2.30000e-01		6.36611e-01		9.61236e-03
2.50000e-01		6.75817e-01		9.19136e-03
2.70000e-01		6.81436e-01		9.21435e-03
2.90000e-01		7.46215e-01		9.11791e-03
3.10000e-01		7.88645e-01		8.63767e-03
3.30000e-01		8.26327e-01		8.99346e-03
3.50000e-01		8.87281e-01		9.14393e-03
3.70000e-01		9.56629e-01		8.96076e-03
3.90000e-01		1.00816e+00		9.53056e-03
4.10000e-01		1.10263e+00		9.13435e-03
4.30000e-01		1.14993e+00		9.47947e-03
4.50000e-01		1.23260e+00		8.69870e-03
4.70000e-01		1.31933e+00		8.88940e-03
4.90000e-01		1.36398e+00		9.22627e-03
5.10000e-01		1.42104e+00		8.98716e-03
5.30000e-01		1.48193e+00		9.36299e-03
5.50000e-01		1.50138e+00		9.12503e-03
5.70000e-01		1.46661e+00		8.91684e-03
5.90000e-01		1.45851e+00		8.68416e-03
6.10000e-01		1.39914e+00		8.20174e-03
6.30000e-01		1.31347e+00		7.72639e-03
6.50000e-01		1.22490e+00		7.39858e-03
6.70000e-01		1.15514e+00		7.48670e-03
6.90000e-01		1.06253e+00		6.57532e-03
7.10000e-01		9.65542e-01		6.42162e-03
7.30000e-01		8.91424e-01		6.29835e-03
7.50000e-01		8.46826e-01		5.79123e-03
7.70000e-01		7.96625e-01		5.57171e-03
7.90000e-01		7.65353e-01		5.51192e-03
8.10000e-01		7.53420e-01		5.55039e-03
8.30000e-01		7.50196e-01		5.33566e-03
8.50000e-01		7.57903e-01		5.27251e-03
8.70000e-01		7.92469e-01		5.52859e-03
8.90000e-01		8.16468e-01		5.34472e-03
9.10000e-01		8.60555e-01		5.33996e-03
9.30000e-01		9.01834e-01		5.47536e-03
9.50000e-01		9.60495e-01		5.74192e-03
9.70000e-01		1.01005e+00		5.64222e-03
9.90000e-01		1.06471e+00		5.93568e-03
1.01000e+00		1.11205e+00		6.08345e-03
1.03000e+00		1.15868e+00		5.59236e-03
1.05000e+00		1.20006e+00		5.92646e-03
1.07000e+00		1.20226e+00		5.90881e-03
1.09000e+00		1.21185e+00		5.82059e-03
1.11000e+00		1.21246e+00		6.14267e-03
1.13000e+00		1.17386e+00		5.45106e-03
1.15000e+00		1.14794e+00		5.52691e-03
1.17000e+00		1.11789e+00		5.46416e-03
1.19000e+00		1.07214e+00		5.23741e-03
1.21000e+00		1.02316e+00		5.12549e-03
1.23000e+00		9.82818e-01		5.06357e-03
1.25000e+00		9.44787e-01		4.94654e-03
1.27000e+00		9.10112e-01		4.71607e-03
1.29000e+00		8.79216e-01		4.52853e-03
1.31000e+00		8.58623e-01		4.61562e-03
1.33000e+00		8.49708e-01		4.37629e-03
1.35000e+00		8.40864e-01		4.46041e-03
1.37000e+00		8.59771e-01		4.42671e-03
1.39000e+00		8.68961e-01		4.42606e-03
1.41000e+00		8.84758e-01		4.53069e-03
1.43000e+00		9.19749e-01		4.42070e-03
1.45000e+00		9.42934e-01		4.49131e-03
1.47000e+00		9.85454e-01		4.47530e-03
1.49000e+00		1.02079e+00		4.67414e-03
1.51000e+00		1.04379e+00		4.60472e-03
1.53000e+00		1.08484e+00		4.79398e-03
1.55000e+00		1.11012e+00		4.77992e-03
1.57000e+00		1.12817e+00		4.77083e-03
1.59000e+00		1.14013e+00		4.83834e-03
1.61000e+00		1.13843e+00		4.90059e-03
1.63000e+00		1.13318e+00		4.62498e-03
1.65000e+00		1.11227e+00		4.60047e-03
1.67000e+00		1.08389e+00		4.30814e-03
1.69000e+00		1.05546e+00		4.44069e-03
1.71000e+00		1.03308e+00		4.45733e-03
1.73000e+00		9.97896e-01		4.26545e-03
1.75000e+00		9.66198e-01		4.17827e-03
1.77000e+00		9.41924e-01		4.09176e-03
1.79000e+00		9.22236e-01		4.10358e-03
1.81000e+00		9.08982e-01		3.87040e-03
1.83000e+00		8.90245e-01		4.04916e-03
1.85000e+00		8.83547e-01		3.95002e-03
1.87000e+00		8.96436e-01		3.94991e-03
1.89000e+00		8.95025e-01		4.02163e-03
1.91000e+00		9.20620e-01		3.98139e-03
1.93000e+00		9.35106e-01		3.86527e-03
1.95000e+00		9.51253e-01		3.86874e-03
1.97000e+00		9.75927e-01		3.93266e-03
1.99000e+00		1.00715e+00		4.13006e-03
2.01000e+00		1.02690e+00		3.99240e-03
2.03000e+00		1.05235e+00		4.12604e-03
2.05000e+00		1.07328e+00		4.12625e-03
2.07000e+00		1.09112e+00		4.05003e-03
2.09000e+00		1.08886e+00		3.96309e-03
2.11000e+00		1.09566e+00		4.11298e-03
2.13000e+00		1.09488e+00		4.07950e-03
2.15000e+00		1.08160e+00		4.07134e-03
2.17000e+00		1.07483e+00		3.97353e-03
2.19000e+00		1.04721e+00		3.87515e-03
2.21000e+00		1.03174e+00		3.91326e-03
2.23000e+00		1.00342e+00		3.85516e-03
2.25000e+00		9.82282e-01		3.62904e-03
2.27000e+00		9.59865e-01		3.65545e-03
2.29000e+00		9.45530e-01		3.62022e-03
2.31000e+00		9.31781e-01		3.57311e-03
2.33000e+00		9.20214e-01		3.59626e-03
2.35000e+00		9.14839e-01		3.53667e-03
2.37000e+00		9.21277e-01		3.54498e-03
2.39000e+00		9.20022e-01		3.58942e-03
2.41000e+00		9.38285e-01		3.60085e-03
2.43000e+00		9.42426e-01		3.46597e-03
2.45000e+00		9.61074e-01		3.52261e-03
2.47000e+00		9.81414e-01		3.51074e-03
2.49000e+00		1.00144e+00		3.46546e-03
2.51000e+00		1.02702e+00		3.65314e-03
2.53000e+00		1.03901e+00		3.68088e-03
2.55000e+00		1.05924e+00		3.50123e-03
2.57000e+00		1.07376e+00		3.62411e-03
2.59000e+00		1.07762e+00		3.73576e-03
2.61000e+00		1.07131e+00		3.61232e-03
2.63000e+00		1.07841e+00		3.53943e-03
2.65000e+00		1.06574e+00		3.58357e-03
2.67000e+00		1.05688e+00		3.50829e-03
2.69000e+00		1.04870e+00		3.51376e-03
2.71000e+00		1.02620e+00		3.50417e-03
2.73000e+00		1.00287e+00		3.44291e-03
2.75000e+00		9.83635e-01		3.30556e-03
2.77000e+00		9.74355e-01		3.22906e-03
2.79000e+00		9.51136e-01		3.34250e-03
2.81000e+00		9.45120e-01		3.21027e-03
2.83000e+00		9.33624e-01		3.14500e-03
2.85000e+00		9.27519e-01		3.16937e-03
2.87000e+00		9.29339e-01		3.27607e-03
2.89000e+00		9.30603e-01		3.11675e-03
2.91000e+00		9.38887e-01		3.21235e-03
2.93000e+00		9.52812e-01		3.21786e-03
2.95000e+00		9.63631e-01		3.21618e-03
2.97000e+00		9.84394e-01		3.16103e-03
2.99000e+00		9.96863e-01		3.17700e-03
3.01000e+00		1.02141e+00		3.25708e-03
3.03000e+00		1.03406e+00		3.36564e-03
3.05000e+00		1.05666e+00		3.21157e-03
3.07000e+00		1.05699e+00		3.29823e-03
3.09000e+00		1.06446e+00		3.34354e-03
3.11000e+00		1.06876e+00		3.33856e-03
3.13000e+00		1.06995e+00		3.13606e-03
3.15000e+00		1.05868e+00		3.18629e-03
3.17000e+00		1.04789e+00		3.32622e-03
3.19000e+00		1.04270e+00		3.18689e-03
3.21000e+00		1.02648e+00		3.06445e-03
3.23000e+00		1.00249e+00		3.10078e-03
3.25000e+00		9.94004e-01		3.18856e-03
3.27000e+00		9.75758e-01		2.99271e-03
3.29000e+00		9.60717e-01		2.98993e-03
3.31000e+00		9.51858e-01		3.01402e-03
3.33000e+00		9.43350e-01		3.05283e-03
3.35000e+00		9.40103e-01		3.02249e-03
3.37000e+00		9.39033e-01		2.93761e-03
3.39000e+00		9.41439e-01		3.03906e-03
3.41000e+00		9.46169e-01		2.93399e-03
3.43000e+00		9.64544e-01		2.95689e-03
3.45000e+00		9.71212e-01		3.00487e-03
3.47000e+00		9.83574e-01		2.94673e-03
3.49000e+00		9.96261e-01		2.84459e-03
3.51000e+00		1.01488e+00		2.89637e-03
3.53000e+00		1.02847e+00		3.15113e-03
3.55000e+00		1.04075e+00		2.93390e-03
3.57000e+00		1.04638e+00		3.05327e-03
3.59000e+00		1.05102e+00		3.05390e-03
3.61000e+00		1.06080e+00		3.01340e-03
3.63000e+00		1.06056e+00		3.07380e-03
3.65000e+00		1.05728e+00		2.96168e-03
3.67000e+00		1.04172e+00		3.03979e-03
3.69000e+00		1.03793e+00		3.14521e-03
3.71000e+00		1.02269e+00		2.95393e-03
3.73000e+00		1.01226e+00		2.81951e-03
3.75000e+00		9.88998e-01		2.88983e-03
3.77000e+00		9.77610e-01		2.82513e-03
3.79000e+00		9.72271e-01		2.81000e-03
3.81000e+00		9.58308e-01		2.82227e-03
3.83000e+00		9.48774e-01		2.74391e-03
3.85000e+00		9.49377e-01		2.83275e-03
3.87000e+00		9.44209e-01		2.81700e-03
3.89000e+00		9.48794e-01		2.78305e-03
3.91000e+00		9.60146e-01		2.75185e-03
3.93000e+00		9.61184e-01		2.86950e-03
3.95000e+00		9.78484e-01		2.76425e-03
3.97000e+00		9.84143e-01		2.74336e-03
3.99000e+00		9.96937e-01		2.82088e-03
4.01000e+00		1.00981e+00		2.86674e-03
4.03000e+00		1.02335e+00		2.87736e-03
4.05000e+00		1.03607e+00		2.80069e-03
4.07000e+00		1.04811e+00		2.85060e-03
4.09000e+00		1.04832e+00		2.78242e-03
4.11000e+00		1.04865e+00		2.84890e-03
4.13000e+00		1.04808e+00		2.84073e-03
4.15000e+00		1.04444e+00		2.69610e-03
4.17000e+00		1.04326e+00		2.73384e-03
4.19000e+00		1.03381e+00		2.84698e-03
4.21000e+00		1.01908e+00		2.74612e-03
4.23000e+00		1.00648e+00		2.71455e-03
4.25000e+00		9.95990e-01		2.82168e-03
4.27000e+00		9.84902e-01		2.83299e-03
4.29000e+00		9.73552e-01		2.77539e-03
4.31000e+00		9.66523e-01		2.71368e-03
4.33000e+00		9.58496e-01		2.61569e-03
4.35000e+00		9.57823e-01		2.73579e-03
4.37000e+00		9.56707e-01		2.61805e-03
4.39000e+00		9.55320e-01		2.55871e-03
4.41000e+00		9.58220e-01		2.67824e-03
4.43000e+00		9.71067e-01		2.67708e-03
4.45000e+00		9.69554e-01		2.54493e-03
4.47000e+00		9.87167e-01		2.81225e-03
4.49000e+00		9.98342e-01		2.69799e-03
4.51000e+00		1.00354e+00		2.58362e-03
4.53000e+00		1.01861e+00		2.66450e-03
4.55000e+00		1.02746e+00		2.68965e-03
4.57000e+00		1.03779e+00		2.77592e-03
4.59000e+00		1.03981e+00		2.82698e-03
4.61000e+00		1.04524e+00		2.66275e-03
4.63000e+00		1.04393e+00		2.78565e-03
4.65000e+00		1.04031e+00		2.67659e-03
4.67000e+00		1.03881e+00		2.59683e-03
4.69000e+00		1.02708e+00		2.63331e-03
4.71000e+00		1.02172e+00		2.70111e-03
4.73000e+00		1.00772e+00		2.62473e-03
4.75000e+00		9.94939e-01		2.50784e-03
4.77000e+00		9.85106e-01		2.49120e-03
4.79000e+00		9.78393e-01		2.49730e-03
4.81000e+00		9.62494e-01		2.51898e-03
4.83000e+00		9.65057e-01		2.46389e-03
4.85000e+00		9.63115e-01		2.55636e-03
4.87000e+00		9.64738e-01		2.56954e-03
4.89000e+00		9.63013e-01		2.47292e-03
4.91000e+00		9.64589e-01		2.51804e-03
4.93000e+00		9.70201e-01		2.39577e-03
4.95000e+00		9.81341e-01		2.44368e-03
4.97000e+00		9.90719e-01		2.47537e-03
4.99000e+00		1.00052e+00		2.48496e-03
5.01000e+00		9.95397e-01		2.60999e-03
