# r	g(r)	sigma(g)
1.00000e-02		4.53284e-01		3.93335e-02
3.00000e-02		4.91329e-01		2.29983e-02
5.00000e-02		5.29592e-01		1.84702e-02
7.00000e-02		4.88224e-01		1.52573e-02
9.00000e-02		5.25752e-01		1.35493e-02
1.10000e-01		5.40146e-01		1.25734e-02
1.30000e-01		5.51115e-01		1.14499e-02
1.50000e-01		5.57202e-01		1.11527e-02
1.70000e-01		5.60131e-01		1.01023e-02
1.90000e-01		5.86643e-01		9.58273e-03
2.10000e-01		6.28293e-01		9.88308e-03
2.30000e-01		6.37603e-01		9.13790e-03
2.50000e-01		6.79470e-01		9.49202e-03
2.70000e-01		7.01968e-01		8.85357e-03
2.90000e-01		7.42504e-01		9.05969e-03
3.10000e-01		7.74864e-01		8.97181e-03
3.30000e-01		8.23955e-01		8.83508e-03
3.50000e-01		9.03028e-01		8.69769e-03
3.70000e-01		9.35477e-01		8.66475e-03
3.90000e-01		1.03291e+00		9.24140e-03
4.10000e-01		1.08656e+00		8.61762e-03
4.30000e-01		1.16093e+00		9.55202e-03
4.50000e-01		1.24035e+00		9.29546e-03
4.70000e-01		1.31017e+00		9.07353e-03
4.90000e-01		1.38195e+00		9.33111e-03
5.10000e-01		1.43914e+00		9.30725e-03
5.30000e-01		1.48611e+00		9.09651e-03
5.50000e-01		1.48899e+00		9.20604e-03
5.70000e-01		1.47267e+00		9.26273e-03
5.90000e-01		1.46907e+00		8.47156e-03
6.10000e-01		1.39850e+00		8.30326e-03
6.30000e-01		1.31741e+00		8.12269e-03
6.50000e-01		1.23939e+00		7.57877e-03
6.70000e-01		1.13109e+00		7.31490e-03
6.90000e-01		1.06489e+00		7.20404e-03
7.10000e-01		9.76198e-01		6.73131e-03
7.30000e-01		9.05183e-01		6.34692e-03
7.50000e-01		8.50478e-01		5.82084e-03
7.70000e-01		7.99589e-01		5.82309e-03
7.90000e-01		7.68655e-01		5.74043e-03
8.10000e-01		7.51770e-01		5.49247e-03
8.30000e-01		7.68779e-01		5.38456e-03
8.50000e-01		7.64579e-01		5.22332e-03
8.70000e-01		7.89396e-01		5.28132e-03
8.90000e-01		8.21598e-01		5.20163e-03
9.10000e-01		8.71342e-01		5.60112e-03
9.30000e-01		9.08321e-01		5.60280e-03
9.50000e-01		9.68288e-01		5.68036e-03
9.70000e-01		1.02709e+00		5.75439e-03
9.90000e-01		1.07377e+00		5.93636e-03
1.01000e+00		1.12567e+00		5.76345e-03
1.03000e+00		1.15105e+00		5.93719e-03
1.05000e+00		1.18792e+00		5.60941e-03
1.07000e+00		1.20917e+00		5.99005e-03
1.09000e+00		1.21744e+00		5.94922e-03
1.11000e+00		1.20949e+00		5.70510e-03
1.13000e+00		1.19426e+00		5.84229e-03
1.15000e+00		1.15475e+00		5.58035e-03
1.17000e+00		1.11633e+00		5.47711e-03
1.19000e+00		1.07346e+00		5.20532e-03
1.21000e+00		1.03060e+00		5.01194e-03
1.23000e+00		9.85867e-01		5.11147e-03
1.25000e+00		9.35083e-01		4.88007e-03
1.27000e+00		9.09624e-01		4.72663e-03
1.29000e+00		8.84019e-01		4.73558e-03
1.31000e+00		8.60764e-01		4.84474e-03
1.33000e+00		8.36468e-01		4.47350e-03
1.35000e+00		8.58812e-01		4.50125e-03
1.37000e+00		8.59866e-01		4.25161e-03
1.39000e+00		8.73043e-01		4.41982e-03
1.41000e+00		8.94889e-01		4.51688e-03
1.43000e+00		9.22417e-01		4.68302e-03
1.45000e+00		9.59509e-01		4.78771e-03
1.47000e+00		9.77934e-01		4.61216e-03
1.49000e+00		1.01828e+00		4.68200e-03
1.51000e+00		1.06623e+00		4.64406e-03
1.53000e+00		1.09040e+00		4.66483e-03
1.55000e+00		1.11912e+00		4.60301e-03
1.57000e+00		1.12686e+00		4.85367e-03
1.59000e+00		1.13544e+00		4.87667e-03
1.61000e+00		1.13190e+00		4.61041e-03
1.63000e+00		1.13614e+00		4.64030e-03
1.65000e+00		1.10529e+00		4.54351e-03
1.67000e+00		1.10141e+00		4.58541e-03
1.69000e+00		1.06074e+00		4.34803e-03
1.71000e+00		1.04294e+00		4.35596e-03
1.73000e+00		9.95917e-01		4.31454e-03
1.75000e+00		9.71901e-01		4.22204e-03
1.77000e+00		9.44282e-01		4.07044e-03
1.79000e+00		9.22582e-01		4.15148e-03
1.81000e+00		9.15234e-01		4.06814e-03
1.83000e+00		8.91332e-01		3.89342e-03
1.85000e+00		8.95798e-01		4.02988e-03
1.87000e+00		8.90821e-01		3.93009e-03
1.89000e+00		9.03307e-01		3.88319e-03
1.91000e+00		9.13585e-01		3.79395e-03
1.93000e+00		9.40277e-01		3.98669e-03
1.95000e+00		9.53059e-01		3.82255e-03
1.97000e+00		9.83343e-01		3.95167e-03
1.99000e+00		1.00229e+00		3.93896e-03
2.01000e+00		1.03239e+00		3.83800e-03
2.03000e+00		1.06030e+00		4.04597e-03
2.05000e+00		1.07597e+00		4.21078e-03
2.07000e+00		1.09196e+00		4.00084e-03
2.09000e+00		1.09724e+00		4.01526e-03
2.11000e+00		1.09929e+00		3.98649e-03
2.13000e+00		1.10058e+00		4.07267e-03
2.15000e+00		1.09430e+00		3.97796e-03
2.17000e+00		1.06132e+00		3.93182e-03
2.19000e+00		1.05224e+00		3.98308e-03
2.21000e+00		1.03282e+00		3.80275e-03
2.23000e+00		1.01505e+00		3.61379e-03
2.25000e+00		9.84152e-01		3.86799e-03
2.27000e+00		9.59391e-01		3.78864e-03
2.29000e+00		9.47780e-01		3.66125e-03
2.31000e+00		9.35085e-01		3.44026e-03
2.33000e+00		9.18772e-01		3.56203e-03
2.35000e+00		9.17808e-01		3.52047e-03
2.37000e+00		9.21566e-01		3.61888e-03
2.39000e+00		9.18125e-01		3.66918e-03
2.41000e+00		9.34185e-01		3.60034e-03
2.43000e+00		9.49297e-01		3.39567e-03
2.45000e+00		9.61300e-01		3.63208e-03
2.47000e+00		9.82787e-01		3.52182e-03
2.49000e+00		1.00035e+00		3.73178e-03
2.51000e+00		1.02367e+00		3.46952e-03
2.53000e+00		1.04012e+00		3.60987e-03
2.55000e+00		1.05755e+00		3.61236e-03
2.57000e+00		1.07074e+00		3.56086e-03
2.59000e+00		1.08153e+00		3.60221e-03
2.61000e+00		1.08877e+00		3.68185e-03
2.63000e+00		1.07858e+00		3.55344e-03
2.65000e+00		1.07958e+00		3.47905e-03
2.67000e+00		1.06287e+00		3.47836e-03
2.69000e+00		1.04353e+00		3.40251e-03
2.71000e+00		1.02869e+00		3.37323e-03
2.73000e+00		1.01155e+00		3.46748e-03
2.75000e+00		9.86754e-01		3.45973e-03
2.77000e+00		9.68492e-01		3.38883e-03
2.79000e+00		9.56454e-01		3.47222e-03
2.81000e+00		9.45666e-01		3.23897e-03
2.83000e+00		9.32956e-01		3.15655e-03
2.85000e+00		9.30963e-01		3.23094e-03
2.87000e+00		9.30168e-01		3.21974e-03
2.89000e+00		9.33649e-01		3.34809e-03
2.91000e+00		9.39728e-01		3.12176e-03
2.93000e+00		9.53547e-01		3.21977e-03
2.95000e+00		9.68240e-01		3.28039e-03
2.97000e+00		9.83010e-01		3.18177e-03
2.99000e+00		9.97059e-01		3.15114e-03
3.01000e+00		1.01803e+00		3.19988e-03
3.03000e+00		1.03585e+00		3.28757e-03
3.05000e+00		1.04479e+00		3.30735e-03
3.07000e+00		1.05849e+00		3.32509e-03
3.09000e+00		1.06315e+00		3.30536e-03
3.11000e+00		1.06700e+00		3.38618e-03
3.13000e+00		1.06878e+00		3.27711e-03
3.15000e+00		1.06043e+00		3.29142e-03
3.17000e+00		1.05531e+00		3.27803e-03
3.19000e+00		1.03872e+00		3.24759e-03
3.21000e+00		1.02691e+00		3.15098e-03
3.23000e+00		1.00795e+00		3.08114e-03
3.25000e+00		9.91215e-01		3.17044e-03
3.27000e+00		9.75080e-01		3.07186e-03
3.29000e+00		9.62610e-01		3.06898e-03
3.31000e+00		9.53671e-01		2.96941e-03
3.33000e+00		9.50254e-01		2.92863e-03
3.35000e+00		9.42751e-01		2.91557e-03
3.37000e+00		9.40930e-01		2.90663e-03
3.39000e+00		9.41747e-01		3.13661e-03
3.41000e+00		9.51620e-01		2.97728e-03
3.43000e+00		9.60713e-01		3.02180e-03
3.45000e+00		9.75390e-01		2.94197e-03
3.47000e+00		9.85716e-01		3.00564e-03
3.49000e+00		9.94336e-01		3.08819e-03
3.51000e+00		1.01531e+00		3.06833e-03
3.53000e+00		1.03625e+00		3.06007e-03
3.55000e+00		1.03980e+00		2.95438e-03
3.57000e+00		1.04750e+00		3.02146e-03
3.59000e+00		1.05034e+00		3.02796e-03
3.61000e+00		1.05744e+00		3.17493e-03
3.63000e+00		1.06054e+00		2.98430e-03
3.65000e+00		1.05378e+00		3.06697e-03
3.67000e+00		1.03856e+00		3.01347e-03
3.69000e+00		1.03930e+00		3.02399e-03
3.71000e+00		1.02146e+00		2.97705e-03
3.73000e+00		1.00807e+00		2.92277e-03
3.75000e+00		9.97338e-01		3.02942e-03
3.77000e+00		9.86217e-01		2.88371e-03
3.79000e+00		9.70653e-01		2.91664e-03
3.81000e+00		9.58154e-01		2.84817e-03
3.83000e+00		9.54802e-01		2.80204e-03
3.85000e+00		9.44150e-01		2.89594e-03
3.87000e+00		9.45195e-01		2.82929e-03
3.89000e+00		9.48878e-01		2.82612e-03
3.91000e+00		9.54783e-01		2.91230e-03
3.93000e+00		9.59035e-01		2.78072e-03
3.95000e+00		9.75975e-01		2.74442e-03
3.97000e+00		9.82295e-01		2.70356e-03
3.99000e+00		9.96847e-01		2.76338e-03
4.01000e+00		1.00681e+00		2.92535e-03
4.03000e+00		1.02065e+00		2.80025e-03
4.05000e+00		1.03050e+00		2.81434e-03
4.07000e+00		1.03859e+00		2.80008e-03
4.09000e+00		1.04871e+00		2.81595e-03
4.11000e+00		1.05163e+00		2.88915e-03
4.13000e+00		1.05016e+00		2.80167e-03
4.15000e+00		1.04895e+00		2.79122e-03
4.17000e+00		1.04558e+00		2.86915e-03
4.19000e+00		1.03215e+00		2.73164e-03
4.21000e+00		1.02406e+00		2.80507e-03
4.23000e+00		1.00720e+00		2.75018e-03
4.25000e+00		9.95414e-01		2.67307e-03
4.27000e+00		9.84764e-01		2.64171e-03
4.29000e+00		9.72595e-01		2.64760e-03
4.31000e+00		9.64230e-01		2.68270e-03
4.33000e+00		9.59611e-01		2.67609e-03
4.35000e+00		9.58775e-01		2.62013e-03
4.37000e+00		9.48775e-01		2.61674e-03
4.39000e+00		9.58009e-01		2.60815e-03
4.41000e+00		9.63980e-01		2.55632e-03
4.43000e+00		9.64317e-01		2.67393e-03
4.45000e+00		9.75577e-01		2.58387e-03
4.47000e+00		9.82236e-01		2.55811e-03
4.49000e+00		9.94500e-01		2.58869e-03
4.51000e+00		1.00768e+00		2.73126e-03
4.53000e+00		1.01688e+00		2.66307e-03
4.55000e+00		1.02846e+00		2.69857e-03
4.57000e+00		1.03533e+00		2.64331e-03
4.59000e+00		1.04071e+00		2.59359e-03
4.61000e+00		1.04887e+00		2.70224e-03
4.63000e+00		1.04345e+00		2.61485e-03
4.65000e+00		1.04075e+00		2.66799e-03
4.67000e+00		1.03656e+00		2.66306e-03
4.69000e+00		1.02275e+00		2.68026e-03
4.71000e+00		1.01814e+00		2.59298e-03
4.73000e+00		1.01309e+00		2.55957e-03
4.75000e+00		1.00008e+00		2.48581e-03
4.77000e+00		9.86836e-01		2.52582e-03
4.79000e+00		9.75438e-01		2.59891e-03
4.81000e+00		9.67572e-01		2.54772e-03
4.83000e+00		9.62546e-01		2.59697e-03
4.85000e+00		9.59478e-01		2.49516e-03
4.87000e+00		9.56649e-01		2.47354e-03
4.89000e+00		9.60999e-01		2.36718e-03
4.91000e+00		9.66608e-01		2.52243e-03
4.93000e+00		9.72933e-01		2.51650e-03
4.95000e+00		9.73133e-01		2.54327e-03
4.97000e+00		9.83337e-01		2.59018e-03
4.99000e+00		9.98230e-01		2.44985e-03
5.01000e+00		9.92494e-01		2.57934e-03
