# r	g(r)	sigma(g)
1.00000e-02		5.83726e-01		4.45505e-02
3.00000e-02		5.14157e-01		2.33394e-02
5.00000e-02		4.76111e-01		1.76183e-02
7.00000e-02		5.14778e-01		1.44315e-02
9.00000e-02		5.02924e-01		1.37019e-02
1.10000e-01		5.30363e-01		1.28683e-02
1.30000e-01		5.42085e-01		1.14732e-02
1.50000e-01		5.45463e-01		1.09359e-02
1.70000e-01		5.65310e-01		9.89059e-03
1.90000e-01		5.90591e-01		9.75585e-03
2.10000e-01		6.04379e-01		9.74647e-03
2.30000e-01		6.35193e-01		8.79847e-03
2.50000e-01		6.67338e-01		9.06372e-03
2.70000e-01		6.85784e-01		8.82652e-03
2.90000e-01		7.53412e-01		9.08448e-03
3.10000e-01		7.87488e-01		9.19461e-03
3.30000e-01		8.42039e-01		8.99644e-03
3.50000e-01		8.77964e-01		8.77958e-03
3.70000e-01		9.55307e-01		9.02196e-03
3.90000e-01		1.01836e+00		9.34586e-03
4.10000e-01		1.08887e+00		8.87005e-03
4.30000e-01		1.16920e+00		9.16112e-03
4.50000e-01		1.23586e+00		8.97583e-03
4.70000e-01		1.29650e+00		9.53224e-03
4.90000e-01		1.38055e+00		9.24180e-03
5.10000e-01		1.43940e+00		9.18123e-03
5.30000e-01		1.45867e+00		9.02950e-03
5.50000e-01		1.49397e+00		9.17836e-03
5.70000e-01		1.46649e+00		9.03926e-03
5.90000e-01		1.46548e+00		8.87054e-03
6.10000e-01		1.38476e+00		8.32258e-03
6.30000e-01		1.31704e+00		8.17380e-03
6.50000e-01		1.22946e+00		7.63733e-03
6.70000e-01		1.13893e+00		7.00425e-03
6.90000e-01		1.06834e+00		7.15124e-03
7.10000e-01		9.79459e-01		6.69129e-03
7.30000e-01		8.91335e-01		6.23444e-03
7.50000e-01		8.51217e-01		6.10352e-03
7.70000e-01		7.99970e-01		5.65172e-03
7.90000e-01		7.73526e-01		5.68720e-03
8.10000e-01		7.59499e-01		5.48093e-03
8.30000e-01		7.53103e-01		5.49247e-03
8.50000e-01		7.73019e-01		5.47022e-03
8.70000e-01		7.96480e-01		5.44606e-03
8.90000e-01		8.21561e-01		5.43542e-03
9.10000e-01		8.67973e-01		5.67361e-03
9.30000e-01		9.21576e-01		5.71604e-03
9.50000e-01		9.65301e-01		5.72058e-03
9.70000e-01		1.01422e+00		5.70698e-03
9.90000e-01		1.06392e+00		5.99974e-03
1.01000e+00		1.10430e+00		5.95626e-03
1.03000e+00		1.15871e+00		5.89609e-03
1.05000e+00		1.19621e+00		5.95665e-03
1.07000e+00		1.20475e+00		5.89972e-03
1.09000e+00		1.21098e+00		5.92841e-03
1.11000e+00		1.20517e+00		5.85923e-03
1.13000e+00		1.19192e+00		5.77131e-03
1.15000e+00		1.16082e+00		5.53671e-03
1.17000e+00		1.12286e+00		5.54008e-03
1.19000e+00		1.07357e+00		5.37855e-03
1.21000e+00		1.02666e+00		5.35954e-03
1.23000e+00		9.88121e-01		5.18997e-03
1.25000e+00		9.31274e-01		4.94053e-03
1.27000e+00		9.00688e-01		4.73892e-03
1.29000e+00		8.78382e-01		4.59872e-03
1.31000e+00		8.55711e-01		4.54034e-03
1.33000e+00		8.43039e-01		4.47921e-03
1.35000e+00		8.51614e-01		4.69701e-03
1.37000e+00		8.58700e-01		4.53598e-03
1.39000e+00		8.66755e-01		4.41340e-03
1.41000e+00		8.92668e-01		4.53855e-03
1.43000e+00		9.17423e-01		4.60893e-03
1.45000e+00		9.50109e-01		4.56118e-03
1.47000e+00		9.84101e-01		4.52339e-03
1.49000e+00		1.01939e+00		4.65094e-03
1.51000e+00		1.05798e+00		4.77318e-03
1.53000e+00		1.08710e+00		4.64972e-03
1.55000e+00		1.11347e+00		4.81115e-03
1.57000e+00		1.12722e+00		4.74769e-03
1.59000e+00		1.13548e+00		4.97430e-03
1.61000e+00		1.13142e+00		4.58520e-03
1.63000e+00		1.13158e+00		4.62773e-03
1.65000e+00		1.11994e+00		4.60679e-03
1.67000e+00		1.08393e+00		4.45391e-03
1.69000e+00		1.06115e+00		4.43605e-03
1.71000e+00		1.02643e+00		4.36757e-03
1.73000e+00		1.00003e+00		4.16612e-03
1.75000e+00		9.77156e-01		4.32501e-03
1.77000e+00		9.45369e-01		4.20217e-03
1.79000e+00		9.25770e-01		4.08778e-03
1.81000e+00		9.04712e-01		3.93544e-03
1.83000e+00		8.94397e-01		3.91213e-03
1.85000e+00		8.92872e-01		3.98703e-03
1.87000e+00		8.88990e-01		3.99987e-03
1.89000e+00		9.04325e-01		3.95601e-03
1.91000e+00		9.22907e-01		3.97322e-03
1.93000e+00		9.33417e-01		4.02386e-03
1.95000e+00		9.56069e-01		3.96030e-03
1.97000e+00		9.79586e-01		3.97086e-03
1.99000e+00		1.00030e+00		3.95010e-03
2.01000e+00		1.03169e+00		3.98856e-03
2.03000e+00		1.05336e+00		4.08599e-03
2.05000e+00		1.08088e+00		4.23861e-03
2.07000e+00		1.09379e+00		4.17915e-03
2.09000e+00		1.09512e+00		4.10580e-03
2.11000e+00		1.10184e+00		3.99930e-03
2.13000e+00		1.09865e+00		4.02124e-03
2.15000e+00		1.08773e+00		3.98576e-03
2.17000e+00		1.06691e+00		3.95402e-03
2.19000e+00		1.04615e+00		3.96299e-03
2.21000e+00		1.02976e+00		3.72413e-03
2.23000e+00		1.00592e+00		3.84214e-03
2.25000e+00		9.83152e-01		3.57232e-03
2.27000e+00		9.57940e-01		3.68759e-03
2.29000e+00		9.36103e-01		3.52849e-03
2.31000e+00		9.25796e-01		3.51403e-03
2.33000e+00		9.19248e-01		3.47214e-03
2.35000e+00		9.17781e-01		3.66390e-03
2.37000e+00		9.15553e-01		3.44988e-03
2.39000e+00		9.24906e-01		3.46808e-03
2.41000e+00		9.29260e-01		3.49003e-03
2.43000e+00		9.50062e-01		3.54650e-03
2.45000e+00		9.59969e-01		3.44781e-03
2.47000e+00		9.81057e-01		3.35986e-03
2.49000e+00		1.00164e+00		3.62940e-03
2.51000e+00		1.02533e+00		3.57555e-03
2.53000e+00		1.03811e+00		3.63465e-03
2.55000e+00		1.05967e+00		3.58007e-03
2.57000e+00		1.07008e+00		3.68385e-03
2.59000e+00		1.08180e+00		3.39253e-03
2.61000e+00		1.07728e+00		3.56497e-03
2.63000e+00		1.07844e+00		3.58832e-03
2.65000e+00		1.07166e+00		3.61306e-03
2.67000e+00		1.05633e+00		3.58712e-03
2.69000e+00		1.04353e+00		3.44509e-03
2.71000e+00		1.02267e+00		3.54386e-03
2.73000e+00		1.00761e+00		3.47852e-03
2.75000e+00		9.87003e-01		3.28173e-03
2.77000e+00		9.77416e-01		3.45615e-03
2.79000e+00		9.53707e-01		3.32415e-03
2.81000e+00		9.48892e-01		3.28774e-03
2.83000e+00		9.30744e-01		3.36391e-03
2.85000e+00		9.29807e-01		3.25681e-03
2.87000e+00		9.32725e-01		3.21258e-03
2.89000e+00		9.37035e-01		3.15517e-03
2.91000e+00		9.44042e-01		3.08842e-03
2.93000e+00		9.53825e-01		3.20947e-03
2.95000e+00		9.72120e-01		3.16500e-03
2.97000e+00		9.82933e-01		3.25521e-03
2.99000e+00		9.98488e-01		3.05761e-03
3.01000e+00		1.02129e+00		3.19725e-03
3.03000e+00		1.03029e+00		3.30717e-03
3.05000e+00		1.03800e+00		3.27370e-03
3.07000e+00		1.05160e+00		3.26503e-03
3.09000e+00		1.06369e+00		3.25708e-03
3.11000e+00		1.05809e+00		3.38699e-03
3.13000e+00		1.06554e+00		3.17815e-03
3.15000e+00		1.06212e+00		3.31293e-03
3.17000e+00		1.05146e+00		3.24218e-03
3.19000e+00		1.03931e+00		3.17967e-03
3.21000e+00		1.02736e+00		3.20190e-03
3.23000e+00		1.00336e+00		3.29238e-03
3.25000e+00		9.92499e-01		3.19226e-03
3.27000e+00		9.75489e-01		3.08914e-03
3.29000e+00		9.63076e-01		3.04483e-03
3.31000e+00		9.52577e-01		3.08215e-03
3.33000e+00		9.42821e-01		2.97912e-03
3.35000e+00		9.38701e-01		2.99116e-03
3.37000e+00		9.44172e-01		3.06239e-03
3.39000e+00		9.46162e-01		3.07967e-03
3.41000e+00		9.50568e-01		2.96443e-03
3.43000e+00		9.62709e-01		2.90942e-03
3.45000e+00		9.70702e-01		3.00615e-03
3.47000e+00		9.86957e-01		3.07257e-03
3.49000e+00		9.95924e-01		3.03366e-03
3.51000e+00		1.01637e+00		3.05150e-03
3.53000e+00		1.02991e+00		2.93214e-03
3.55000e+00		1.03729e+00		2.93475e-03
3.57000e+00		1.05314e+00		3.01982e-03
3.59000e+00		1.05613e+00		3.03343e-03
3.61000e+00		1.05756e+00		3.10314e-03
3.63000e+00		1.05834e+00		3.06025e-03
3.65000e+00		1.05415e+00		3.01439e-03
3.67000e+00		1.03919e+00		2.91539e-03
3.69000e+00		1.02616e+00		2.94057e-03
3.71000e+00		1.02407e+00		2.99718e-03
3.73000e+00		1.00134e+00		2.95896e-03
3.75000e+00		9.93886e-01		2.84404e-03
3.77000e+00		9.78216e-01		2.81194e-03
3.79000e+00		9.70154e-01		2.85324e-03
3.81000e+00		9.61364e-01		2.81883e-03
3.83000e+00		9.56718e-01		2.80080e-03
3.85000e+00		9.45040e-01		2.68639e-03
3.87000e+00		9.52526e-01		2.76987e-03
3.89000e+00		9.51451e-01		2.72687e-03
3.91000e+00		9.55400e-01		2.69752e-03
3.93000e+00		9.63906e-01		2.90427e-03
3.95000e+00		9.76115e-01		2.67687e-03
3.97000e+00		9.87338e-01		2.82078e-03
3.99000e+00		9.95254e-01		2.83302e-03
4.01000e+00		1.01532e+00		2.87671e-03
4.03000e+00		1.02404e+00		2.77414e-03
4.05000e+00		1.03231e+00		2.78769e-03
4.07000e+00		1.04080e+00		2.88239e-03
4.09000e+00		1.04595e+00		2.98908e-03
4.11000e+00		1.04934e+00		2.73687e-03
4.13000e+00		1.05046e+00		2.85982e-03
4.15000e+00		1.04391e+00		2.79437e-03
4.17000e+00		1.04116e+00		2.67453e-03
4.19000e+00		1.03425e+00		2.78013e-03
4.21000e+00		1.02135e+00		2.73254e-03
4.23000e+00		1.00800e+00		2.75939e-03
4.25000e+00		9.96266e-01		2.67210e-03
4.27000e+00		9.81717e-01		2.56115e-03
4.29000e+00		9.73484e-01		2.54685e-03
4.31000e+00		9.64525e-01		2.72581e-03
4.33000e+00		9.63791e-01		2.66775e-03
4.35000e+00		9.56616e-01		2.54249e-03
4.37000e+00		9.49626e-01		2.67368e-03
4.39000e+00		9.52356e-01		2.60396e-03
4.41000e+00		9.60475e-01		2.64433e-03
4.43000e+00		9.65532e-01		2.60182e-03
4.45000e+00		9.79117e-01		2.70998e-03
4.47000e+00		9.90042e-01		2.63879e-03
4.49000e+00		9.96105e-01		2.59087e-03
4.51000e+00		1.00773e+00		2.75685e-03
4.53000e+00		1.01938e+00		2.70910e-03
4.55000e+00		1.03087e+00		2.70249e-03
4.57000e+00		1.04284e+00		2.78652e-03
4.59000e+00		1.04172e+00		2.67488e-03
4.61000e+00		1.04031e+00		2.67736e-03
4.63000e+00		1.04381e+00		2.68774e-03
4.65000e+00		1.03739e+00		2.58995e-03
4.67000e+00		1.03473e+00		2.61517e-03
4.69000e+00		1.02952e+00		2.66329e-03
4.71000e+00		1.02040e+00		2.63229e-03
4.73000e+00		1.00789e+00		2.58780e-03
4.75000e+00		9.96930e-01		2.49400e-03
4.77000e+00		9.90275e-01		2.64642e-03
4.79000e+00		9.80782e-01		2.42131e-03
4.81000e+00		9.64033e-01		2.37007e-03
4.83000e+00		9.64430e-01		2.39254e-03
4.85000e+00		9.61912e-01		2.47692e-03
4.87000e+00		9.59689e-01		2.42354e-03
4.89000e+00		9.58405e-01		2.48887e-03
4.91000e+00		9.63248e-01		2.43837e-03
4.93000e+00		9.73085e-01		2.46015e-03
4.95000e+00		9.83482e-01		2.54577e-03
4.97000e+00		9.88671e-01		2.51606e-03
4.99000e+00		9.98740e-01		2.38565e-03
5.01000e+00		9.94681e-01		2.66643e-03
