# r	g(r)	sigma(g)
1.00000e-02		9.35917e-01		5.51297e-02
3.00000e-02		8.43521e-01		2.93240e-02
5.00000e-02		8.25042e-01		2.26928e-02
7.00000e-02		7.95693e-01		1.91132e-02
9.00000e-02		7.44603e-01		1.64587e-02
1.10000e-01		7.13574e-01		1.43126e-02
1.30000e-01		7.13665e-01		1.29065e-02
1.50000e-01		6.73078e-01		1.18877e-02
1.70000e-01		6.34367e-01		1.07084e-02
1.90000e-01		6.29380e-01		9.73675e-03
2.10000e-01		6.36679e-01		9.61304e-03
2.30000e-01		6.28529e-01		9.26168e-03
2.50000e-01		6.46077e-01		8.87097e-03
2.70000e-01		6.77329e-01		9.05816e-03
2.90000e-01		6.97075e-01		8.34648e-03
3.10000e-01		7.27632e-01		8.62778e-03
3.30000e-01		7.68419e-01		8.80382e-03
3.50000e-01		8.35571e-01		8.83647e-03
3.70000e-01		8.87443e-01		8.52151e-03
3.90000e-01		9.62758e-01		8.73648e-03
4.10000e-01		1.04496e+00		9.12273e-03
4.30000e-01		1.10238e+00		8.79342e-03
4.50000e-01		1.20883e+00		8.94689e-03
4.70000e-01		1.27999e+00		8.83319e-03
4.90000e-01		1.36451e+00		9.34236e-03
5.10000e-01		1.42475e+00		9.10121e-03
5.30000e-01		1.48125e+00		9.31314e-03
5.50000e-01		1.50357e+00		9.58992e-03
5.70000e-01		1.47708e+00		9.04947e-03
5.90000e-01		1.48687e+00		9.34134e-03
6.10000e-01		1.42481e+00		8.73993e-03
6.30000e-01		1.32916e+00		8.32815e-03
6.50000e-01		1.21973e+00		7.41533e-03
6.70000e-01		1.12248e+00		6.95959e-03
6.90000e-01		1.02028e+00		6.84602e-03
7.10000e-01		9.33483e-01		6.54220e-03
7.30000e-01		8.64041e-01		6.51658e-03
7.50000e-01		7.97389e-01		5.89171e-03
7.70000e-01		7.54570e-01		5.63461e-03
7.90000e-01		7.14415e-01		5.36962e-03
8.10000e-01		7.10262e-01		5.39961e-03
8.30000e-01		7.03441e-01		5.44226e-03
8.50000e-01		7.26827e-01		5.12237e-03
8.70000e-01		7.37706e-01		5.07377e-03
8.90000e-01		7.78875e-01		5.16814e-03
9.10000e-01		8.38015e-01		5.51343e-03
9.30000e-01		8.78867e-01		5.25885e-03
9.50000e-01		9.53493e-01		5.55644e-03
9.70000e-01		1.00847e+00		5.80527e-03
9.90000e-01		1.07443e+00		5.59523e-03
1.01000e+00		1.13051e+00		6.04735e-03
1.03000e+00		1.18198e+00		5.98709e-03
1.05000e+00		1.21609e+00		5.97232e-03
1.07000e+00		1.24477e+00		6.09039e-03
1.09000e+00		1.25906e+00		5.91066e-03
1.11000e+00		1.25852e+00		5.81353e-03
1.13000e+00		1.22070e+00		5.59746e-03
1.15000e+00		1.18265e+00		5.71712e-03
1.17000e+00		1.13356e+00		5.52160e-03
1.19000e+00		1.08499e+00		5.42876e-03
1.21000e+00		1.03135e+00		5.22356e-03
1.23000e+00		9.76137e-01		5.08240e-03
1.25000e+00		9.30021e-01		4.80881e-03
1.27000e+00		8.92266e-01		4.70094e-03
1.29000e+00		8.53077e-01		4.56658e-03
1.31000e+00		8.25689e-01		4.33785e-03
1.33000e+00		8.14474e-01		4.41920e-03
1.35000e+00		8.12868e-01		4.46621e-03
1.37000e+00		8.03262e-01		4.22347e-03
1.39000e+00		8.40784e-01		4.30147e-03
1.41000e+00		8.59156e-01		4.47087e-03
1.43000e+00		8.80594e-01		4.30702e-03
1.45000e+00		9.31937e-01		4.68944e-03
1.47000e+00		9.65156e-01		4.55144e-03
1.49000e+00		1.00921e+00		4.48978e-03
1.51000e+00		1.05565e+00		4.62382e-03
1.53000e+00		1.09991e+00		4.67730e-03
1.55000e+00		1.13303e+00		4.82142e-03
1.57000e+00		1.15590e+00		4.76128e-03
1.59000e+00		1.17209e+00		4.80580e-03
1.61000e+00		1.16468e+00		4.73758e-03
1.63000e+00		1.16527e+00		4.66425e-03
1.65000e+00		1.13154e+00		4.78811e-03
1.67000e+00		1.12703e+00		4.63512e-03
1.69000e+00		1.08758e+00		4.49083e-03
1.71000e+00		1.05860e+00		4.35068e-03
1.73000e+00		1.01463e+00		4.32009e-03
1.75000e+00		9.67018e-01		4.12336e-03
1.77000e+00		9.43232e-01		4.06015e-03
1.79000e+00		9.09465e-01		4.04006e-03
1.81000e+00		8.99469e-01		4.12046e-03
1.83000e+00		8.73102e-01		3.92399e-03
1.85000e+00		8.75403e-01		3.94627e-03
1.87000e+00		8.58856e-01		3.84090e-03
1.89000e+00		8.72940e-01		3.83075e-03
1.91000e+00		8.89887e-01		3.79423e-03
1.93000e+00		9.02766e-01		3.91942e-03
1.95000e+00		9.39597e-01		3.95993e-03
1.97000e+00		9.66856e-01		3.95438e-03
1.99000e+00		1.00302e+00		3.90970e-03
2.01000e+00		1.02165e+00		4.15146e-03
2.03000e+00		1.04689e+00		4.11299e-03
2.05000e+00		1.06529e+00		3.91127e-03
2.07000e+00		1.08955e+00		4.05027e-03
2.09000e+00		1.08270e+00		4.11121e-03
2.11000e+00		1.09422e+00		4.12138e-03
2.13000e+00		1.09779e+00		3.93055e-03
2.15000e+00		1.09900e+00		4.09985e-03
2.17000e+00		1.07786e+00		3.93548e-03
2.19000e+00		1.05723e+00		3.97187e-03
2.21000e+00		1.03893e+00		3.83526e-03
2.23000e+00		1.02161e+00		3.71865e-03
2.25000e+00		9.94790e-01		3.75057e-03
2.27000e+00		9.75280e-01		3.74079e-03
2.29000e+00		9.67616e-01		3.64345e-03
2.31000e+00		9.39320e-01		3.48723e-03
2.33000e+00		9.35903e-01		3.48813e-03
2.35000e+00		9.21583e-01		3.54141e-03
2.37000e+00		9.28088e-01		3.56619e-03
2.39000e+00		9.26175e-01		3.49058e-03
2.41000e+00		9.34158e-01		3.41356e-03
2.43000e+00		9.35287e-01		3.55202e-03
2.45000e+00		9.58026e-01		3.49661e-03
2.47000e+00		9.70072e-01		3.56560e-03
2.49000e+00		9.80603e-01		3.56082e-03
2.51000e+00		1.00674e+00		3.58173e-03
2.53000e+00		1.02184e+00		3.72751e-03
2.55000e+00		1.03718e+00		3.66349e-03
2.57000e+00		1.05721e+00		3.64382e-03
2.59000e+00		1.06529e+00		3.71450e-03
2.61000e+00		1.06252e+00		3.52333e-03
2.63000e+00		1.07025e+00		3.64471e-03
2.65000e+00		1.06245e+00		3.56001e-03
2.67000e+00		1.05655e+00		3.54791e-03
2.69000e+00		1.04674e+00		3.44954e-03
2.71000e+00		1.03500e+00		3.37639e-03
2.73000e+00		1.01473e+00		3.26832e-03
2.75000e+00		1.00313e+00		3.45109e-03
2.77000e+00		9.79288e-01		3.29678e-03
2.79000e+00		9.67067e-01		3.18055e-03
2.81000e+00		9.60381e-01		3.32812e-03
2.83000e+00		9.48731e-01		3.21431e-03
2.85000e+00		9.45174e-01		3.16906e-03
2.87000e+00		9.31804e-01		3.11859e-03
2.89000e+00		9.37960e-01		3.22720e-03
2.91000e+00		9.47561e-01		3.27473e-03
2.93000e+00		9.47659e-01		3.20156e-03
2.95000e+00		9.64603e-01		3.07105e-03
2.97000e+00		9.78344e-01		3.12230e-03
2.99000e+00		9.99164e-01		3.20168e-03
3.01000e+00		1.00827e+00		3.19801e-03
3.03000e+00		1.02521e+00		3.26577e-03
3.05000e+00		1.03741e+00		3.28339e-03
3.07000e+00		1.03262e+00		3.18886e-03
3.09000e+00		1.05284e+00		3.34411e-03
3.11000e+00		1.05647e+00		3.27589e-03
3.13000e+00		1.05578e+00		3.24778e-03
3.15000e+00		1.04608e+00		3.29472e-03
3.17000e+00		1.04866e+00		3.24505e-03
3.19000e+00		1.03584e+00		3.20979e-03
3.21000e+00		1.02628e+00		3.19057e-03
3.23000e+00		1.01855e+00		3.18386e-03
3.25000e+00		9.96001e-01		3.02385e-03
3.27000e+00		9.90677e-01		3.07763e-03
3.29000e+00		9.76120e-01		3.07972e-03
3.31000e+00		9.69730e-01		3.02097e-03
3.33000e+00		9.61829e-01		3.03336e-03
3.35000e+00		9.54257e-01		2.97416e-03
3.37000e+00		9.47181e-01		2.95417e-03
3.39000e+00		9.50703e-01		3.00129e-03
3.41000e+00		9.57454e-01		2.91553e-03
3.43000e+00		9.60085e-01		3.03009e-03
3.45000e+00		9.64444e-01		2.97654e-03
3.47000e+00		9.80416e-01		2.98487e-03
3.49000e+00		9.98017e-01		3.13102e-03
3.51000e+00		1.00472e+00		3.04119e-03
3.53000e+00		1.01339e+00		3.08346e-03
3.55000e+00		1.02454e+00		2.92168e-03
3.57000e+00		1.03490e+00		3.10217e-03
3.59000e+00		1.03696e+00		3.01938e-03
3.61000e+00		1.04376e+00		3.08450e-03
3.63000e+00		1.04945e+00		3.14560e-03
3.65000e+00		1.03792e+00		2.98094e-03
3.67000e+00		1.04774e+00		3.08951e-03
3.69000e+00		1.03669e+00		2.98445e-03
3.71000e+00		1.02117e+00		2.92311e-03
3.73000e+00		1.01786e+00		3.00587e-03
3.75000e+00		1.00402e+00		2.99086e-03
3.77000e+00		9.91528e-01		2.93476e-03
3.79000e+00		9.78070e-01		2.83520e-03
3.81000e+00		9.79218e-01		2.85927e-03
3.83000e+00		9.63547e-01		2.77364e-03
3.85000e+00		9.70781e-01		2.67954e-03
3.87000e+00		9.60135e-01		2.88003e-03
3.89000e+00		9.60882e-01		2.95793e-03
3.91000e+00		9.66451e-01		2.91426e-03
3.93000e+00		9.66478e-01		2.75121e-03
3.95000e+00		9.72334e-01		2.82255e-03
3.97000e+00		9.82960e-01		2.81269e-03
3.99000e+00		9.94428e-01		2.95523e-03
4.01000e+00		9.98259e-01		2.70413e-03
4.03000e+00		1.00858e+00		2.82064e-03
4.05000e+00		1.02772e+00		2.88624e-03
4.07000e+00		1.02354e+00		2.81593e-03
4.09000e+00		1.03659e+00		2.88665e-03
4.11000e+00		1.03718e+00		2.83162e-03
4.13000e+00		1.03789e+00		2.89440e-03
4.15000e+00		1.03679e+00		2.86207e-03
4.17000e+00		1.03120e+00		2.81195e-03
4.19000e+00		1.02865e+00		2.83586e-03
4.21000e+00		1.01778e+00		2.81488e-03
4.23000e+00		1.01386e+00		2.61725e-03
4.25000e+00		1.00263e+00		2.67121e-03
4.27000e+00		9.93669e-01		2.73327e-03
4.29000e+00		9.89690e-01		2.75055e-03
4.31000e+00		9.86331e-01		2.75591e-03
4.33000e+00		9.75645e-01		2.62988e-03
4.35000e+00		9.66661e-01		2.55771e-03
4.37000e+00		9.56439e-01		2.70147e-03
4.39000e+00		9.67391e-01		2.60688e-03
4.41000e+00		9.64927e-01		2.69110e-03
4.43000e+00		9.75793e-01		2.63532e-03
4.45000e+00		9.76889e-01		2.60121e-03
4.47000e+00		9.79770e-01		2.72040e-03
4.49000e+00		9.96940e-01		2.59832e-03
4.51000e+00		1.00475e+00		2.57280e-03
4.53000e+00		1.00505e+00		2.66905e-03
4.55000e+00		1.01838e+00		2.64459e-03
4.57000e+00		1.02441e+00		2.74160e-03
4.59000e+00		1.03005e+00		2.63998e-03
4.61000e+00		1.03422e+00		2.72551e-03
4.63000e+00		1.03804e+00		2.60181e-03
4.65000e+00		1.02366e+00		2.55087e-03
4.67000e+00		1.02938e+00		2.65605e-03
4.69000e+00		1.02403e+00		2.62987e-03
4.71000e+00		1.01917e+00		2.67181e-03
4.73000e+00		1.01381e+00		2.60536e-03
4.75000e+00		1.00005e+00		2.52589e-03
4.77000e+00		9.91512e-01		2.57700e-03
4.79000e+00		9.89708e-01		2.55254e-03
4.81000e+00		9.78975e-01		2.53350e-03
4.83000e+00		9.76792e-01		2.48994e-03
4.85000e+00		9.72992e-01		2.49821e-03
4.87000e+00		9.74045e-01		2.47719e-03
4.89000e+00		9.70955e-01		2.47471e-03
4.91000e+00		9.73489e-01		2.43451e-03
4.93000e+00		9.78483e-01		2.48826e-03
4.95000e+00		9.86355e-01		2.54231e-03
4.97000e+00		9.92366e-01		2.53074e-03
4.99000e+00		9.91799e-01		2.58164e-03
5.01000e+00		9.89171e-01		2.55948e-03
