# r	g(r)	sigma(g)
1.00000e-02		5.18505e-01		4.14374e-02
3.00000e-02		5.19592e-01		2.37956e-02
5.00000e-02		5.47854e-01		1.86909e-02
7.00000e-02		5.25027e-01		1.54512e-02
9.00000e-02		5.33361e-01		1.38417e-02
1.10000e-01		5.34810e-01		1.25241e-02
1.30000e-01		5.56383e-01		1.14701e-02
1.50000e-01		5.45897e-01		1.11580e-02
1.70000e-01		5.68571e-01		1.04751e-02
1.90000e-01		5.85957e-01		9.74672e-03
2.10000e-01		6.21771e-01		1.00949e-02
2.30000e-01		6.36611e-01		9.49876e-03
2.50000e-01		6.64338e-01		9.16841e-03
2.70000e-01		7.09940e-01		8.88044e-03
2.90000e-01		7.26199e-01		9.24754e-03
3.10000e-01		7.88540e-01		9.06899e-03
3.30000e-01		8.26327e-01		9.35431e-03
3.50000e-01		8.89518e-01		9.02145e-03
3.70000e-01		9.48609e-01		9.24913e-03
3.90000e-01		1.02104e+00		9.23358e-03
4.10000e-01		1.09459e+00		9.13134e-03
4.30000e-01		1.15934e+00		9.15416e-03
4.50000e-01		1.23057e+00		8.94319e-03
4.70000e-01		1.32676e+00		9.25426e-03
4.90000e-01		1.36624e+00		9.05011e-03
5.10000e-01		1.43172e+00		9.38355e-03
5.30000e-01		1.47645e+00		8.84515e-03
5.50000e-01		1.47008e+00		9.06600e-03
5.70000e-01		1.48526e+00		9.05305e-03
5.90000e-01		1.45680e+00		8.55776e-03
6.10000e-01		1.39043e+00		8.35372e-03
6.30000e-01		1.32538e+00		8.56612e-03
6.50000e-01		1.22725e+00		7.70759e-03
6.70000e-01		1.15397e+00		7.08784e-03
6.90000e-01		1.04968e+00		6.92879e-03
7.10000e-01		9.63521e-01		6.64135e-03
7.30000e-01		9.03396e-01		6.38263e-03
7.50000e-01		8.38565e-01		5.82949e-03
7.70000e-01		7.91924e-01		5.89526e-03
7.90000e-01		7.73774e-01		5.73655e-03
8.10000e-01		7.59379e-01		5.63021e-03
8.30000e-01		7.45834e-01		5.43515e-03
8.50000e-01		7.64732e-01		5.35096e-03
8.70000e-01		7.89546e-01		5.35789e-03
8.90000e-01		8.23174e-01		5.54460e-03
9.10000e-01		8.72273e-01		5.27088e-03
9.30000e-01		9.16001e-01		5.42236e-03
9.50000e-01		9.63173e-01		5.71608e-03
9.70000e-01		1.00904e+00		5.74504e-03
9.90000e-01		1.06629e+00		5.55196e-03
1.01000e+00		1.12067e+00		5.92785e-03
1.03000e+00		1.14852e+00		5.94236e-03
1.05000e+00		1.18584e+00		5.94416e-03
1.07000e+00		1.21259e+00		6.13865e-03
1.09000e+00		1.21643e+00		5.96994e-03
1.11000e+00		1.20732e+00		6.21548e-03
1.13000e+00		1.18892e+00		5.64442e-03
1.15000e+00		1.15673e+00		5.36512e-03
1.17000e+00		1.12266e+00		5.25264e-03
1.19000e+00		1.07716e+00		5.39235e-03
1.21000e+00		1.03167e+00		5.15203e-03
1.23000e+00		9.75129e-01		5.05946e-03
1.25000e+00		9.48179e-01		5.05689e-03
1.27000e+00		9.09958e-01		4.71171e-03
1.29000e+00		8.81112e-01		4.71272e-03
1.31000e+00		8.46102e-01		4.60936e-03
1.33000e+00		8.36713e-01		4.47475e-03
1.35000e+00		8.48087e-01		4.43351e-03
1.37000e+00		8.48131e-01		4.52091e-03
1.39000e+00		8.68585e-01		4.40105e-03
1.41000e+00		8.93524e-01		4.40108e-03
1.43000e+00		9.09122e-01		4.67500e-03
1.45000e+00		9.39156e-01		4.57152e-03
1.47000e+00		9.80773e-01		4.47208e-03
1.49000e+00		1.01495e+00		4.51669e-03
1.51000e+00		1.06439e+00		4.68513e-03
1.53000e+00		1.09302e+00		4.68357e-03
1.55000e+00		1.11092e+00		4.83681e-03
1.57000e+00		1.14010e+00		4.90160e-03
1.59000e+00		1.14690e+00		4.79274e-03
1.61000e+00		1.14475e+00		4.95419e-03
1.63000e+00		1.13264e+00		4.85688e-03
1.65000e+00		1.11727e+00		4.56527e-03
1.67000e+00		1.09143e+00		4.54231e-03
1.69000e+00		1.06549e+00		4.56164e-03
1.71000e+00		1.03615e+00		4.32789e-03
1.73000e+00		9.97123e-01		4.16319e-03
1.75000e+00		9.73075e-01		4.25011e-03
1.77000e+00		9.40376e-01		4.14920e-03
1.79000e+00		9.15969e-01		3.80355e-03
1.81000e+00		9.04911e-01		4.02874e-03
1.83000e+00		8.92205e-01		3.91251e-03
1.85000e+00		8.88289e-01		3.76841e-03
1.87000e+00		8.88781e-01		3.78653e-03
1.89000e+00		8.98459e-01		3.88736e-03
1.91000e+00		9.12202e-01		3.96542e-03
1.93000e+00		9.39280e-01		3.99371e-03
1.95000e+00		9.59430e-01		3.86870e-03
1.97000e+00		9.89534e-01		4.04880e-03
1.99000e+00		9.98418e-01		4.01400e-03
2.01000e+00		1.03681e+00		4.02111e-03
2.03000e+00		1.04925e+00		3.88081e-03
2.05000e+00		1.07368e+00		4.05819e-03
2.07000e+00		1.09448e+00		4.07050e-03
2.09000e+00		1.10566e+00		4.12557e-03
2.11000e+00		1.09562e+00		4.16608e-03
2.13000e+00		1.09627e+00		4.08047e-03
2.15000e+00		1.08568e+00		3.93829e-03
2.17000e+00		1.08284e+00		3.95445e-03
2.19000e+00		1.04319e+00		3.71669e-03
2.21000e+00		1.02121e+00		3.86034e-03
2.23000e+00		1.00256e+00		3.76894e-03
2.25000e+00		9.80673e-01		3.71735e-03
2.27000e+00		9.59147e-01		3.58541e-03
2.29000e+00		9.42354e-01		3.73598e-03
2.31000e+00		9.29974e-01		3.66396e-03
2.33000e+00		9.19822e-01		3.49455e-03
2.35000e+00		9.20126e-01		3.43742e-03
2.37000e+00		9.18278e-01		3.59107e-03
2.39000e+00		9.20908e-01		3.41687e-03
2.41000e+00		9.36026e-01		3.63156e-03
2.43000e+00		9.47499e-01		3.69446e-03
2.45000e+00		9.69912e-01		3.59686e-03
2.47000e+00		9.81255e-01		3.64137e-03
2.49000e+00		1.00431e+00		3.47904e-03
2.51000e+00		1.02577e+00		3.51614e-03
2.53000e+00		1.04043e+00		3.65030e-03
2.55000e+00		1.05973e+00		3.68515e-03
2.57000e+00		1.07339e+00		3.60321e-03
2.59000e+00		1.07542e+00		3.53850e-03
2.61000e+00		1.08525e+00		3.77745e-03
2.63000e+00		1.07868e+00		3.56027e-03
2.65000e+00		1.07655e+00		3.77393e-03
2.67000e+00		1.05633e+00		3.48563e-03
2.69000e+00		1.04397e+00		3.58511e-03
2.71000e+00		1.01974e+00		3.48946e-03
2.73000e+00		1.00507e+00		3.36375e-03
2.75000e+00		9.89647e-01		3.44168e-03
2.77000e+00		9.66668e-01		3.26958e-03
2.79000e+00		9.58593e-01		3.31845e-03
2.81000e+00		9.41523e-01		3.16123e-03
2.83000e+00		9.39305e-01		3.15480e-03
2.85000e+00		9.27130e-01		3.19706e-03
2.87000e+00		9.33134e-01		3.21813e-03
2.89000e+00		9.30806e-01		3.22637e-03
2.91000e+00		9.34192e-01		3.21985e-03
2.93000e+00		9.52946e-01		3.23296e-03
2.95000e+00		9.69114e-01		3.30366e-03
2.97000e+00		9.86919e-01		3.25378e-03
2.99000e+00		1.00564e+00		3.31075e-03
3.01000e+00		1.02138e+00		3.20474e-03
3.03000e+00		1.03199e+00		3.27519e-03
3.05000e+00		1.04935e+00		3.27613e-03
3.07000e+00		1.05384e+00		3.38605e-03
3.09000e+00		1.06917e+00		3.39646e-03
3.11000e+00		1.07008e+00		3.24061e-03
3.13000e+00		1.06807e+00		3.28657e-03
3.15000e+00		1.05889e+00		3.29968e-03
3.17000e+00		1.04982e+00		3.14879e-03
3.19000e+00		1.04403e+00		3.17179e-03
3.21000e+00		1.02473e+00		3.08985e-03
3.23000e+00		1.00590e+00		3.08878e-03
3.25000e+00		9.89699e-01		3.11771e-03
3.27000e+00		9.69605e-01		3.09953e-03
3.29000e+00		9.61520e-01		3.06101e-03
3.31000e+00		9.52883e-01		3.00889e-03
3.33000e+00		9.41490e-01		3.01697e-03
3.35000e+00		9.45350e-01		2.99228e-03
3.37000e+00		9.42952e-01		2.84354e-03
3.39000e+00		9.35081e-01		2.83056e-03
3.41000e+00		9.45270e-01		3.07105e-03
3.43000e+00		9.55313e-01		3.03164e-03
3.45000e+00		9.70182e-01		2.91802e-03
3.47000e+00		9.83301e-01		2.95642e-03
3.49000e+00		1.00469e+00		3.03740e-03
3.51000e+00		1.01317e+00		2.92279e-03
3.53000e+00		1.03003e+00		2.97035e-03
3.55000e+00		1.03838e+00		3.00492e-03
3.57000e+00		1.04980e+00		3.04693e-03
3.59000e+00		1.05963e+00		3.01418e-03
3.61000e+00		1.06130e+00		3.00971e-03
3.63000e+00		1.05850e+00		2.91807e-03
3.65000e+00		1.05323e+00		2.90607e-03
3.67000e+00		1.03911e+00		2.89180e-03
3.69000e+00		1.03549e+00		3.09282e-03
3.71000e+00		1.02060e+00		3.01408e-03
3.73000e+00		1.00860e+00		2.93238e-03
3.75000e+00		9.89442e-01		3.00088e-03
3.77000e+00		9.81105e-01		2.85214e-03
3.79000e+00		9.78380e-01		2.95505e-03
3.81000e+00		9.59609e-01		2.79839e-03
3.83000e+00		9.57808e-01		2.76424e-03
3.85000e+00		9.45387e-01		2.73794e-03
3.87000e+00		9.49577e-01		2.78571e-03
3.89000e+00		9.45843e-01		2.66013e-03
3.91000e+00		9.53757e-01		2.61912e-03
3.93000e+00		9.66835e-01		2.80927e-03
3.95000e+00		9.73275e-01		2.88461e-03
3.97000e+00		9.85392e-01		2.78371e-03
3.99000e+00		9.95711e-01		2.78267e-03
4.01000e+00		1.01162e+00		2.80593e-03
4.03000e+00		1.02756e+00		2.97168e-03
4.05000e+00		1.03482e+00		2.80365e-03
4.07000e+00		1.03715e+00		2.83370e-03
4.09000e+00		1.04773e+00		2.89515e-03
4.11000e+00		1.05130e+00		2.91564e-03
4.13000e+00		1.05291e+00		2.65563e-03
4.15000e+00		1.04144e+00		2.81340e-03
4.17000e+00		1.03223e+00		2.82550e-03
4.19000e+00		1.02897e+00		2.81607e-03
4.21000e+00		1.01629e+00		2.80553e-03
4.23000e+00		1.00975e+00		2.73006e-03
4.25000e+00		9.93956e-01		2.59695e-03
4.27000e+00		9.82954e-01		2.66178e-03
4.29000e+00		9.73378e-01		2.71265e-03
4.31000e+00		9.65259e-01		2.67678e-03
4.33000e+00		9.59543e-01		2.76039e-03
4.35000e+00		9.60566e-01		2.70225e-03
4.37000e+00		9.55125e-01		2.69753e-03
4.39000e+00		9.53092e-01		2.56706e-03
4.41000e+00		9.59647e-01		2.66686e-03
4.43000e+00		9.64656e-01		2.61368e-03
4.45000e+00		9.79359e-01		2.62411e-03
4.47000e+00		9.85242e-01		2.68993e-03
4.49000e+00		9.99860e-01		2.77065e-03
4.51000e+00		1.00946e+00		2.76051e-03
4.53000e+00		1.01957e+00		2.56315e-03
4.55000e+00		1.03335e+00		2.68562e-03
4.57000e+00		1.03923e+00		2.72669e-03
4.59000e+00		1.03903e+00		2.65004e-03
4.61000e+00		1.04300e+00		2.69360e-03
4.63000e+00		1.04784e+00		2.64877e-03
4.65000e+00		1.03941e+00		2.69943e-03
4.67000e+00		1.03377e+00		2.58980e-03
4.69000e+00		1.02610e+00		2.56006e-03
4.71000e+00		1.01744e+00		2.60829e-03
4.73000e+00		1.00974e+00		2.57379e-03
4.75000e+00		9.94637e-01		2.55040e-03
4.77000e+00		9.85811e-01		2.61248e-03
4.79000e+00		9.75118e-01		2.61821e-03
4.81000e+00		9.67524e-01		2.65777e-03
4.83000e+00		9.65645e-01		2.53326e-03
4.85000e+00		9.60755e-01		2.52483e-03
4.87000e+00		9.64169e-01		2.51402e-03
4.89000e+00		9.60779e-01		2.47617e-03
4.91000e+00		9.63772e-01		2.45982e-03
4.93000e+00		9.74342e-01		2.53870e-03
4.95000e+00		9.78298e-01		2.48948e-03
4.97000e+00		9.90017e-01		2.50136e-03
4.99000e+00		9.96649e-01		2.50471e-03
5.01000e+00		9.95114e-01		2.68519e-03
