# r	g(r)	sigma(g)
1.00000e-02		6.16336e-01		4.48221e-02
3.00000e-02		5.45680e-01		2.42930e-02
5.00000e-02		4.84590e-01		1.79727e-02
7.00000e-02		4.92882e-01		1.48297e-02
9.00000e-02		4.86981e-01		1.32707e-02
1.10000e-01		5.25027e-01		1.24473e-02
1.30000e-01		5.23271e-01		1.14916e-02
1.50000e-01		5.64159e-01		1.06526e-02
1.70000e-01		5.83534e-01		1.03989e-02
1.90000e-01		5.88703e-01		1.00053e-02
2.10000e-01		5.88539e-01		9.51040e-03
2.30000e-01		6.29522e-01		9.03564e-03
2.50000e-01		6.53773e-01		8.75622e-03
2.70000e-01		7.17911e-01		9.10260e-03
2.90000e-01		7.44641e-01		8.83010e-03
3.10000e-01		7.82438e-01		8.94052e-03
3.30000e-01		8.19311e-01		8.83754e-03
3.50000e-01		8.78337e-01		8.91686e-03
3.70000e-01		9.39178e-01		8.88152e-03
3.90000e-01		1.01218e+00		9.05911e-03
4.10000e-01		1.10279e+00		9.11493e-03
4.30000e-01		1.15509e+00		9.42358e-03
4.50000e-01		1.24289e+00		9.63107e-03
4.70000e-01		1.30650e+00		9.15066e-03
4.90000e-01		1.38614e+00		9.21893e-03
5.10000e-01		1.43799e+00		9.19680e-03
5.30000e-01		1.45854e+00		9.36938e-03
5.50000e-01		1.49978e+00		9.11606e-03
5.70000e-01		1.47748e+00		9.40523e-03
5.90000e-01		1.44536e+00		8.93904e-03
6.10000e-01		1.40289e+00		8.61205e-03
6.30000e-01		1.32486e+00		7.92993e-03
6.50000e-01		1.24431e+00		7.36886e-03
6.70000e-01		1.14180e+00		7.43323e-03
6.90000e-01		1.04788e+00		6.71424e-03
7.10000e-01		9.72156e-01		6.45399e-03
7.30000e-01		8.98572e-01		6.21255e-03
7.50000e-01		8.38130e-01		5.97515e-03
7.70000e-01		7.95778e-01		5.67625e-03
7.90000e-01		7.74517e-01		5.45519e-03
8.10000e-01		7.49958e-01		5.34417e-03
8.30000e-01		7.57778e-01		5.40016e-03
8.50000e-01		7.59093e-01		5.39761e-03
8.70000e-01		7.81449e-01		5.52373e-03
8.90000e-01		8.37097e-01		5.71411e-03
9.10000e-01		8.62634e-01		5.27522e-03
9.30000e-01		9.06007e-01		5.82292e-03
9.50000e-01		9.61388e-01		5.46450e-03
9.70000e-01		1.00991e+00		5.51117e-03
9.90000e-01		1.07015e+00		5.90316e-03
1.01000e+00		1.11950e+00		5.94199e-03
1.03000e+00		1.15330e+00		6.05796e-03
1.05000e+00		1.17823e+00		6.09515e-03
1.07000e+00		1.20277e+00		5.77139e-03
1.09000e+00		1.20874e+00		6.12783e-03
1.11000e+00		1.20943e+00		5.84959e-03
1.13000e+00		1.19011e+00		5.77517e-03
1.15000e+00		1.16252e+00		5.55848e-03
1.17000e+00		1.10928e+00		5.41759e-03
1.19000e+00		1.07036e+00		5.45858e-03
1.21000e+00		1.02362e+00		5.22548e-03
1.23000e+00		9.75474e-01		4.92049e-03
1.25000e+00		9.43457e-01		4.77997e-03
1.27000e+00		9.06132e-01		4.76665e-03
1.29000e+00		8.84246e-01		4.82628e-03
1.31000e+00		8.70697e-01		4.56147e-03
1.33000e+00		8.53337e-01		4.74185e-03
1.35000e+00		8.47966e-01		4.45659e-03
1.37000e+00		8.49345e-01		4.38549e-03
1.39000e+00		8.73817e-01		4.42000e-03
1.41000e+00		8.98242e-01		4.45268e-03
1.43000e+00		9.22098e-01		4.47309e-03
1.45000e+00		9.46038e-01		4.41280e-03
1.47000e+00		9.84589e-01		4.57746e-03
1.49000e+00		1.01771e+00		4.82326e-03
1.51000e+00		1.05545e+00		4.83552e-03
1.53000e+00		1.07192e+00		4.62667e-03
1.55000e+00		1.11761e+00		4.85781e-03
1.57000e+00		1.11746e+00		4.56767e-03
1.59000e+00		1.13055e+00		4.94013e-03
1.61000e+00		1.13997e+00		4.63313e-03
1.63000e+00		1.12118e+00		4.55267e-03
1.65000e+00		1.11160e+00		4.67878e-03
1.67000e+00		1.09428e+00		4.52190e-03
1.69000e+00		1.05656e+00		4.56918e-03
1.71000e+00		1.01742e+00		4.26056e-03
1.73000e+00		9.94183e-01		4.36225e-03
1.75000e+00		9.72385e-01		4.19794e-03
1.77000e+00		9.40689e-01		4.05695e-03
1.79000e+00		9.15258e-01		4.18308e-03
1.81000e+00		8.99433e-01		4.01964e-03
1.83000e+00		8.96963e-01		3.96254e-03
1.85000e+00		8.90369e-01		4.00299e-03
1.87000e+00		8.90280e-01		3.83576e-03
1.89000e+00		9.01651e-01		3.92937e-03
1.91000e+00		9.10051e-01		3.98156e-03
1.93000e+00		9.35208e-01		3.99662e-03
1.95000e+00		9.53694e-01		3.97742e-03
1.97000e+00		9.80430e-01		3.86970e-03
1.99000e+00		1.00936e+00		4.03909e-03
2.01000e+00		1.02963e+00		4.03514e-03
2.03000e+00		1.06215e+00		4.10742e-03
2.05000e+00		1.07746e+00		4.13939e-03
2.07000e+00		1.08673e+00		4.06307e-03
2.09000e+00		1.09800e+00		4.11732e-03
2.11000e+00		1.10803e+00		3.92234e-03
2.13000e+00		1.09012e+00		3.95352e-03
2.15000e+00		1.08728e+00		4.01747e-03
2.17000e+00		1.06795e+00		3.86499e-03
2.19000e+00		1.05203e+00		3.87520e-03
2.21000e+00		1.03356e+00		3.77763e-03
2.23000e+00		1.00763e+00		3.89719e-03
2.25000e+00		9.79195e-01		3.85724e-03
2.27000e+00		9.58716e-01		3.69415e-03
2.29000e+00		9.43892e-01		3.70563e-03
2.31000e+00		9.27814e-01		3.62989e-03
2.33000e+00		9.16183e-01		3.65504e-03
2.35000e+00		9.10801e-01		3.48296e-03
2.37000e+00		9.12361e-01		3.53814e-03
2.39000e+00		9.19899e-01		3.53935e-03
2.41000e+00		9.26391e-01		3.38864e-03
2.43000e+00		9.42963e-01		3.53454e-03
2.45000e+00		9.59810e-01		3.35263e-03
2.47000e+00		9.83711e-01		3.49704e-03
2.49000e+00		1.00450e+00		3.47566e-03
2.51000e+00		1.02417e+00		3.63358e-03
2.53000e+00		1.04628e+00		3.59399e-03
2.55000e+00		1.05587e+00		3.60731e-03
2.57000e+00		1.06754e+00		3.58014e-03
2.59000e+00		1.08011e+00		3.44182e-03
2.61000e+00		1.08068e+00		3.70003e-03
2.63000e+00		1.07732e+00		3.61895e-03
2.65000e+00		1.07097e+00		3.62931e-03
2.67000e+00		1.06641e+00		3.47952e-03
2.69000e+00		1.03549e+00		3.43252e-03
2.71000e+00		1.02554e+00		3.41806e-03
2.73000e+00		1.00650e+00		3.48148e-03
2.75000e+00		9.86315e-01		3.45581e-03
2.77000e+00		9.71871e-01		3.26744e-03
2.79000e+00		9.55565e-01		3.24630e-03
2.81000e+00		9.45956e-01		3.35295e-03
2.83000e+00		9.37335e-01		3.30347e-03
2.85000e+00		9.22438e-01		3.24780e-03
2.87000e+00		9.35020e-01		3.29543e-03
2.89000e+00		9.27161e-01		3.13303e-03
2.91000e+00		9.41700e-01		3.07762e-03
2.93000e+00		9.52579e-01		3.13231e-03
2.95000e+00		9.69633e-01		3.16640e-03
2.97000e+00		9.84020e-01		3.26465e-03
2.99000e+00		9.98041e-01		3.33954e-03
3.01000e+00		1.01108e+00		3.24760e-03
3.03000e+00		1.03997e+00		3.36001e-03
3.05000e+00		1.04735e+00		3.22205e-03
3.07000e+00		1.05419e+00		3.33305e-03
3.09000e+00		1.06448e+00		3.26831e-03
3.11000e+00		1.06022e+00		3.36222e-03
3.13000e+00		1.06411e+00		3.28885e-03
3.15000e+00		1.06141e+00		3.31687e-03
3.17000e+00		1.05610e+00		2.97309e-03
3.19000e+00		1.03377e+00		3.24627e-03
3.21000e+00		1.02043e+00		3.23898e-03
3.23000e+00		1.00879e+00		3.07289e-03
3.25000e+00		9.92409e-01		3.17577e-03
3.27000e+00		9.72756e-01		3.06882e-03
3.29000e+00		9.64276e-01		3.05201e-03
3.31000e+00		9.49139e-01		3.00245e-03
3.33000e+00		9.39805e-01		3.11578e-03
3.35000e+00		9.40337e-01		2.91647e-03
3.37000e+00		9.42314e-01		2.97678e-03
3.39000e+00		9.44642e-01		2.99315e-03
3.41000e+00		9.53035e-01		3.02584e-03
3.43000e+00		9.55940e-01		2.83588e-03
3.45000e+00		9.74625e-01		3.06139e-03
3.47000e+00		9.85716e-01		2.99251e-03
3.49000e+00		9.99606e-01		2.98254e-03
3.51000e+00		1.01548e+00		3.09884e-03
3.53000e+00		1.02607e+00		3.11074e-03
3.55000e+00		1.03864e+00		2.94312e-03
3.57000e+00		1.05166e+00		3.13214e-03
3.59000e+00		1.05336e+00		3.06889e-03
3.61000e+00		1.05513e+00		3.12086e-03
3.63000e+00		1.05235e+00		3.15060e-03
3.65000e+00		1.05116e+00		3.05653e-03
3.67000e+00		1.04365e+00		3.09048e-03
3.69000e+00		1.03838e+00		3.01285e-03
3.71000e+00		1.02487e+00		2.89520e-03
3.73000e+00		1.00154e+00		3.04257e-03
3.75000e+00		9.94381e-01		2.90207e-03
3.77000e+00		9.84236e-01		2.85035e-03
3.79000e+00		9.68459e-01		2.88766e-03
3.81000e+00		9.59121e-01		2.78264e-03
3.83000e+00		9.52708e-01		2.77415e-03
3.85000e+00		9.51172e-01		2.76219e-03
3.87000e+00		9.50647e-01		2.82032e-03
3.89000e+00		9.49926e-01		2.60552e-03
3.91000e+00		9.56893e-01		2.77042e-03
3.93000e+00		9.65922e-01		2.79034e-03
3.95000e+00		9.71987e-01		2.87290e-03
3.97000e+00		9.83979e-01		2.77856e-03
3.99000e+00		9.94575e-01		2.77762e-03
4.01000e+00		1.00895e+00		2.96554e-03
4.03000e+00		1.03139e+00		2.86031e-03
4.05000e+00		1.03662e+00		2.85270e-03
4.07000e+00		1.04216e+00		2.78692e-03
4.09000e+00		1.05069e+00		2.99523e-03
4.11000e+00		1.04786e+00		2.81148e-03
4.13000e+00		1.05327e+00		2.89545e-03
4.15000e+00		1.04462e+00		2.74389e-03
4.17000e+00		1.03651e+00		2.80793e-03
4.19000e+00		1.02849e+00		2.78634e-03
4.21000e+00		1.01438e+00		2.77904e-03
4.23000e+00		1.01495e+00		2.69158e-03
4.25000e+00		9.98460e-01		2.69580e-03
4.27000e+00		9.83229e-01		2.62778e-03
4.29000e+00		9.76335e-01		2.65717e-03
4.31000e+00		9.66008e-01		2.62152e-03
4.33000e+00		9.58745e-01		2.74417e-03
4.35000e+00		9.53639e-01		2.59049e-03
4.37000e+00		9.55327e-01		2.63069e-03
4.39000e+00		9.56940e-01		2.69244e-03
4.41000e+00		9.59462e-01		2.63848e-03
4.43000e+00		9.71170e-01		2.54886e-03
4.45000e+00		9.76662e-01		2.61928e-03
4.47000e+00		9.87525e-01		2.86894e-03
4.49000e+00		9.98596e-01		2.58931e-03
4.51000e+00		1.01160e+00		2.60265e-03
4.53000e+00		1.01944e+00		2.77591e-03
4.55000e+00		1.03442e+00		2.72019e-03
4.57000e+00		1.03762e+00		2.71646e-03
4.59000e+00		1.03888e+00		2.61365e-03
4.61000e+00		1.04531e+00		2.74920e-03
4.63000e+00		1.04624e+00		2.64087e-03
4.65000e+00		1.03754e+00		2.61049e-03
4.67000e+00		1.03405e+00		2.59403e-03
4.69000e+00		1.02577e+00		2.60663e-03
4.71000e+00		1.02145e+00		2.47774e-03
4.73000e+00		1.01264e+00		2.59881e-03
4.75000e+00		1.00023e+00		2.66376e-03
4.77000e+00		9.88238e-01		2.58523e-03
4.79000e+00		9.72756e-01		2.48942e-03
4.81000e+00		9.67050e-01		2.50338e-03
4.83000e+00		9.60804e-01		2.49982e-03
4.85000e+00		9.60204e-01		2.46934e-03
4.87000e+00		9.56796e-01		2.47014e-03
4.89000e+00		9.59705e-01		2.51947e-03
4.91000e+00		9.64091e-01		2.56072e-03
4.93000e+00		9.73780e-01		2.46227e-03
4.95000e+00		9.84675e-01		2.52932e-03
4.97000e+00		9.88429e-01		2.44117e-03
4.99000e+00		9.97498e-01		2.55455e-03
5.01000e+00		9.94590e-01		2.50971e-03
