# r	g(r)	sigma(g)
1.00000e-02		7.40255e-01		4.89102e-02
3.00000e-02		6.55468e-01		2.72777e-02
5.00000e-02		5.81117e-01		1.96649e-02
7.00000e-02		6.35436e-01		1.73606e-02
9.00000e-02		6.09089e-01		1.48633e-02
1.10000e-01		5.92323e-01		1.28939e-02
1.30000e-01		5.91753e-01		1.25422e-02
1.50000e-01		5.97639e-01		1.10462e-02
1.70000e-01		5.76436e-01		1.01862e-02
1.90000e-01		6.13590e-01		1.01616e-02
2.10000e-01		6.28604e-01		9.96285e-03
2.30000e-01		6.52065e-01		9.48000e-03
2.50000e-01		6.80252e-01		9.17001e-03
2.70000e-01		6.87596e-01		9.04423e-03
2.90000e-01		7.16978e-01		8.64033e-03
3.10000e-01		7.60347e-01		8.98310e-03
3.30000e-01		8.09231e-01		8.71511e-03
3.50000e-01		8.76287e-01		9.22431e-03
3.70000e-01		9.22344e-01		8.87008e-03
3.90000e-01		1.01895e+00		9.30414e-03
4.10000e-01		1.06071e+00		9.09884e-03
4.30000e-01		1.13439e+00		9.35124e-03
4.50000e-01		1.24043e+00		9.37713e-03
4.70000e-01		1.31482e+00		9.42348e-03
4.90000e-01		1.38334e+00		9.53991e-03
5.10000e-01		1.43984e+00		9.37002e-03
5.30000e-01		1.47393e+00		9.11431e-03
5.50000e-01		1.49919e+00		9.43647e-03
5.70000e-01		1.49619e+00		8.76891e-03
5.90000e-01		1.47299e+00		8.99548e-03
6.10000e-01		1.41315e+00		8.80081e-03
6.30000e-01		1.32093e+00		8.25797e-03
6.50000e-01		1.22605e+00		7.63532e-03
6.70000e-01		1.11649e+00		7.08647e-03
6.90000e-01		1.03564e+00		7.13117e-03
7.10000e-01		9.60077e-01		6.28590e-03
7.30000e-01		8.89772e-01		6.20984e-03
7.50000e-01		8.12259e-01		5.60446e-03
7.70000e-01		7.80785e-01		5.66979e-03
7.90000e-01		7.48181e-01		5.52352e-03
8.10000e-01		7.33693e-01		5.56592e-03
8.30000e-01		7.41591e-01		5.22104e-03
8.50000e-01		7.51458e-01		5.41821e-03
8.70000e-01		7.64282e-01		5.14413e-03
8.90000e-01		8.05256e-01		5.34778e-03
9.10000e-01		8.47117e-01		5.49702e-03
9.30000e-01		9.03307e-01		5.56357e-03
9.50000e-01		9.53149e-01		5.54297e-03
9.70000e-01		1.01583e+00		5.81977e-03
9.90000e-01		1.07983e+00		5.75035e-03
1.01000e+00		1.13371e+00		5.88895e-03
1.03000e+00		1.17217e+00		5.83319e-03
1.05000e+00		1.20807e+00		6.09995e-03
1.07000e+00		1.23145e+00		5.94526e-03
1.09000e+00		1.23148e+00		6.03861e-03
1.11000e+00		1.23200e+00		6.03900e-03
1.13000e+00		1.21227e+00		5.72719e-03
1.15000e+00		1.16935e+00		5.74701e-03
1.17000e+00		1.12322e+00		5.52511e-03
1.19000e+00		1.08110e+00		5.16852e-03
1.21000e+00		1.04167e+00		5.29767e-03
1.23000e+00		9.71789e-01		4.90455e-03
1.25000e+00		9.46901e-01		4.74228e-03
1.27000e+00		9.10471e-01		4.56514e-03
1.29000e+00		8.68068e-01		4.58437e-03
1.31000e+00		8.47944e-01		4.58856e-03
1.33000e+00		8.35021e-01		4.50001e-03
1.35000e+00		8.31830e-01		4.42663e-03
1.37000e+00		8.32017e-01		4.35336e-03
1.39000e+00		8.58873e-01		4.43156e-03
1.41000e+00		8.80133e-01		4.51924e-03
1.43000e+00		9.09008e-01		4.38274e-03
1.45000e+00		9.33623e-01		4.62901e-03
1.47000e+00		9.78355e-01		4.55518e-03
1.49000e+00		1.01064e+00		4.43631e-03
1.51000e+00		1.05403e+00		4.70994e-03
1.53000e+00		1.08791e+00		4.79257e-03
1.55000e+00		1.12245e+00		4.84659e-03
1.57000e+00		1.14448e+00		4.81784e-03
1.59000e+00		1.16072e+00		4.73426e-03
1.61000e+00		1.15631e+00		4.88200e-03
1.63000e+00		1.15669e+00		4.48212e-03
1.65000e+00		1.13743e+00		4.69040e-03
1.67000e+00		1.11467e+00		4.53309e-03
1.69000e+00		1.07184e+00		4.41865e-03
1.71000e+00		1.04447e+00		4.32701e-03
1.73000e+00		1.00506e+00		4.40390e-03
1.75000e+00		9.71975e-01		4.06859e-03
1.77000e+00		9.45922e-01		3.89084e-03
1.79000e+00		9.19230e-01		4.21613e-03
1.81000e+00		9.02100e-01		4.03503e-03
1.83000e+00		8.95199e-01		3.91619e-03
1.85000e+00		8.90880e-01		4.13446e-03
1.87000e+00		8.80707e-01		3.82114e-03
1.89000e+00		8.88037e-01		3.97872e-03
1.91000e+00		9.11741e-01		3.88607e-03
1.93000e+00		9.26438e-01		3.89304e-03
1.95000e+00		9.57206e-01		3.89342e-03
1.97000e+00		9.78394e-01		4.04404e-03
1.99000e+00		1.01459e+00		4.14053e-03
2.01000e+00		1.02992e+00		4.15672e-03
2.03000e+00		1.04764e+00		4.01703e-03
2.05000e+00		1.06700e+00		4.13847e-03
2.07000e+00		1.08786e+00		3.98733e-03
2.09000e+00		1.08912e+00		4.14969e-03
2.11000e+00		1.10399e+00		4.01443e-03
2.13000e+00		1.10006e+00		3.97216e-03
2.15000e+00		1.09283e+00		4.00055e-03
2.17000e+00		1.07517e+00		4.04419e-03
2.19000e+00		1.05790e+00		3.85632e-03
2.21000e+00		1.03052e+00		3.93534e-03
2.23000e+00		1.00969e+00		3.85125e-03
2.25000e+00		9.92167e-01		3.62796e-03
2.27000e+00		9.73470e-01		3.53488e-03
2.29000e+00		9.50001e-01		3.63630e-03
2.31000e+00		9.43555e-01		3.72881e-03
2.33000e+00		9.27604e-01		3.61695e-03
2.35000e+00		9.19945e-01		3.60076e-03
2.37000e+00		9.17521e-01		3.53660e-03
2.39000e+00		9.26080e-01		3.42415e-03
2.41000e+00		9.34848e-01		3.52620e-03
2.43000e+00		9.48532e-01		3.61612e-03
2.45000e+00		9.65812e-01		3.64202e-03
2.47000e+00		9.82483e-01		3.50424e-03
2.49000e+00		1.00123e+00		3.68087e-03
2.51000e+00		1.01373e+00		3.70379e-03
2.53000e+00		1.03718e+00		3.47456e-03
2.55000e+00		1.05562e+00		3.75057e-03
2.57000e+00		1.06529e+00		3.59980e-03
2.59000e+00		1.07705e+00		3.69668e-03
2.61000e+00		1.06999e+00		3.71921e-03
2.63000e+00		1.08104e+00		3.66805e-03
2.65000e+00		1.07266e+00		3.55914e-03
2.67000e+00		1.06215e+00		3.64378e-03
2.69000e+00		1.04694e+00		3.51881e-03
2.71000e+00		1.02866e+00		3.41968e-03
2.73000e+00		1.00690e+00		3.47033e-03
2.75000e+00		9.97782e-01		3.39231e-03
2.77000e+00		9.79088e-01		3.40929e-03
2.79000e+00		9.58476e-01		3.30063e-03
2.81000e+00		9.48439e-01		3.29051e-03
2.83000e+00		9.38499e-01		3.26590e-03
2.85000e+00		9.43229e-01		3.11186e-03
2.87000e+00		9.37542e-01		3.18920e-03
2.89000e+00		9.38942e-01		3.23578e-03
2.91000e+00		9.42372e-01		3.07101e-03
2.93000e+00		9.46201e-01		3.18720e-03
2.95000e+00		9.66759e-01		3.29923e-03
2.97000e+00		9.89049e-01		3.33374e-03
2.99000e+00		9.99579e-01		3.14390e-03
3.01000e+00		1.01616e+00		3.19763e-03
3.03000e+00		1.03274e+00		3.28225e-03
3.05000e+00		1.03960e+00		3.23739e-03
3.07000e+00		1.04695e+00		3.35183e-03
3.09000e+00		1.05854e+00		3.28656e-03
3.11000e+00		1.06488e+00		3.19468e-03
3.13000e+00		1.06897e+00		3.21865e-03
3.15000e+00		1.05490e+00		3.34151e-03
3.17000e+00		1.04775e+00		3.24872e-03
3.19000e+00		1.03907e+00		3.18145e-03
3.21000e+00		1.02133e+00		3.16679e-03
3.23000e+00		1.01514e+00		3.06531e-03
3.25000e+00		9.98218e-01		3.11365e-03
3.27000e+00		9.82689e-01		3.11994e-03
3.29000e+00		9.70550e-01		2.96595e-03
3.31000e+00		9.53415e-01		3.13602e-03
3.33000e+00		9.51566e-01		2.95156e-03
3.35000e+00		9.49643e-01		3.03970e-03
3.37000e+00		9.45913e-01		3.03568e-03
3.39000e+00		9.42247e-01		2.95604e-03
3.41000e+00		9.51611e-01		3.12616e-03
3.43000e+00		9.63708e-01		3.00871e-03
3.45000e+00		9.72176e-01		3.00813e-03
3.47000e+00		9.80923e-01		2.94886e-03
3.49000e+00		9.99877e-01		3.11556e-03
3.51000e+00		1.00461e+00		3.14481e-03
3.53000e+00		1.02347e+00		3.06920e-03
3.55000e+00		1.03096e+00		3.01642e-03
3.57000e+00		1.04645e+00		3.01572e-03
3.59000e+00		1.05311e+00		3.10892e-03
3.61000e+00		1.05203e+00		3.02633e-03
3.63000e+00		1.05384e+00		3.03415e-03
3.65000e+00		1.05149e+00		3.08592e-03
3.67000e+00		1.04282e+00		2.98975e-03
3.69000e+00		1.04115e+00		2.92167e-03
3.71000e+00		1.01758e+00		3.03380e-03
3.73000e+00		1.01319e+00		3.07467e-03
3.75000e+00		9.98668e-01		2.96601e-03
3.77000e+00		9.93016e-01		2.94366e-03
3.79000e+00		9.71772e-01		2.87221e-03
3.81000e+00		9.68348e-01		2.84837e-03
3.83000e+00		9.55083e-01		2.85390e-03
3.85000e+00		9.49656e-01		2.84480e-03
3.87000e+00		9.57034e-01		2.87695e-03
3.89000e+00		9.55148e-01		2.77150e-03
3.91000e+00		9.57185e-01		2.90480e-03
3.93000e+00		9.62595e-01		2.81777e-03
3.95000e+00		9.75281e-01		2.76882e-03
3.97000e+00		9.83453e-01		2.67662e-03
3.99000e+00		9.97779e-01		2.82656e-03
4.01000e+00		1.00678e+00		2.79353e-03
4.03000e+00		1.01766e+00		2.79788e-03
4.05000e+00		1.02537e+00		2.79791e-03
4.07000e+00		1.03784e+00		2.77173e-03
4.09000e+00		1.04336e+00		2.89123e-03
4.11000e+00		1.04230e+00		2.85866e-03
4.13000e+00		1.05338e+00		2.80345e-03
4.15000e+00		1.04001e+00		2.87119e-03
4.17000e+00		1.04137e+00		2.81908e-03
4.19000e+00		1.03292e+00		2.84332e-03
4.21000e+00		1.01922e+00		2.72332e-03
4.23000e+00		1.01101e+00		2.73460e-03
4.25000e+00		9.99696e-01		2.70050e-03
4.27000e+00		9.86513e-01		2.78559e-03
4.29000e+00		9.78668e-01		2.83655e-03
4.31000e+00		9.68165e-01		2.74440e-03
4.33000e+00		9.65711e-01		2.72287e-03
4.35000e+00		9.56038e-01		2.71569e-03
4.37000e+00		9.58006e-01		2.61685e-03
4.39000e+00		9.59874e-01		2.62439e-03
4.41000e+00		9.55898e-01		2.62044e-03
4.43000e+00		9.71148e-01		2.65633e-03
4.45000e+00		9.70902e-01		2.63606e-03
4.47000e+00		9.83972e-01		2.66344e-03
4.49000e+00		9.96599e-01		2.69339e-03
4.51000e+00		9.97646e-01		2.63927e-03
4.53000e+00		1.01190e+00		2.71707e-03
4.55000e+00		1.02649e+00		2.69567e-03
4.57000e+00		1.02837e+00		2.66576e-03
4.59000e+00		1.04151e+00		2.65307e-03
4.61000e+00		1.04202e+00		2.67628e-03
4.63000e+00		1.04021e+00		2.71898e-03
4.65000e+00		1.03733e+00		2.63251e-03
4.67000e+00		1.03237e+00		2.67619e-03
4.69000e+00		1.02447e+00		2.63834e-03
4.71000e+00		1.01465e+00		2.67822e-03
4.73000e+00		1.00971e+00		2.63194e-03
4.75000e+00		1.00034e+00		2.67275e-03
4.77000e+00		9.89092e-01		2.62903e-03
4.79000e+00		9.77405e-01		2.55039e-03
4.81000e+00		9.78636e-01		2.53433e-03
4.83000e+00		9.66556e-01		2.53400e-03
4.85000e+00		9.56889e-01		2.58682e-03
4.87000e+00		9.63291e-01		2.41770e-03
4.89000e+00		9.63019e-01		2.50072e-03
4.91000e+00		9.68395e-01		2.51451e-03
4.93000e+00		9.73720e-01		2.64017e-03
4.95000e+00		9.80274e-01		2.48709e-03
4.97000e+00		9.84708e-01		2.47923e-03
4.99000e+00		9.98570e-01		2.52413e-03
5.01000e+00		9.90167e-01		2.37242e-03
