# r	g(r)	sigma(g)
1.00000e-02		5.31549e-01		4.04898e-02
3.00000e-02		5.67420e-01		2.45184e-02
5.00000e-02		5.29592e-01		1.80745e-02
7.00000e-02		5.33878e-01		1.54468e-02
9.00000e-02		5.38433e-01		1.38330e-02
1.10000e-01		5.33921e-01		1.24676e-02
1.30000e-01		5.57386e-01		1.19327e-02
1.50000e-01		5.52854e-01		1.10102e-02
1.70000e-01		5.73367e-01		1.04199e-02
1.90000e-01		5.64503e-01		9.86887e-03
2.10000e-01		5.93509e-01		9.00502e-03
2.30000e-01		6.41290e-01		8.92095e-03
2.50000e-01		6.70860e-01		9.33488e-03
2.70000e-01		7.07645e-01		9.28537e-03
2.90000e-01		7.40705e-01		8.99889e-03
3.10000e-01		7.66344e-01		8.78971e-03
3.30000e-01		8.27117e-01		8.95471e-03
3.50000e-01		8.82902e-01		9.19741e-03
3.70000e-01		9.46670e-01		9.34849e-03
3.90000e-01		1.00933e+00		9.02675e-03
4.10000e-01		1.09046e+00		9.19657e-03
4.30000e-01		1.15767e+00		9.19207e-03
4.50000e-01		1.23369e+00		8.91791e-03
4.70000e-01		1.29796e+00		9.30681e-03
4.90000e-01		1.37622e+00		9.05313e-03
5.10000e-01		1.43447e+00		9.13406e-03
5.30000e-01		1.47694e+00		9.47943e-03
5.50000e-01		1.50020e+00		9.36923e-03
5.70000e-01		1.47130e+00		8.79945e-03
5.90000e-01		1.43563e+00		9.01264e-03
6.10000e-01		1.39524e+00		8.48995e-03
6.30000e-01		1.31798e+00		8.15024e-03
6.50000e-01		1.22219e+00		7.77100e-03
6.70000e-01		1.13577e+00		7.27361e-03
6.90000e-01		1.04722e+00		6.95589e-03
7.10000e-01		9.53003e-01		6.64532e-03
7.30000e-01		8.88253e-01		6.03662e-03
7.50000e-01		8.24781e-01		5.74625e-03
7.70000e-01		7.80446e-01		5.69250e-03
7.90000e-01		7.59285e-01		5.43868e-03
8.10000e-01		7.49112e-01		5.40731e-03
8.30000e-01		7.47092e-01		5.37026e-03
8.50000e-01		7.58402e-01		5.51271e-03
8.70000e-01		7.81749e-01		5.53427e-03
8.90000e-01		8.22111e-01		5.41132e-03
9.10000e-01		8.53281e-01		5.27944e-03
9.30000e-01		9.07199e-01		5.67298e-03
9.50000e-01		9.56857e-01		5.36713e-03
9.70000e-01		1.00531e+00		5.63650e-03
9.90000e-01		1.06778e+00		5.88939e-03
1.01000e+00		1.12073e+00		6.10748e-03
1.03000e+00		1.15786e+00		5.94203e-03
1.05000e+00		1.18913e+00		5.78047e-03
1.07000e+00		1.21512e+00		6.04877e-03
1.09000e+00		1.21260e+00		6.04083e-03
1.11000e+00		1.21040e+00		5.72305e-03
1.13000e+00		1.19472e+00		5.82989e-03
1.15000e+00		1.15764e+00		5.70450e-03
1.17000e+00		1.11736e+00		5.42723e-03
1.19000e+00		1.07968e+00		5.38537e-03
1.21000e+00		1.02747e+00		4.99595e-03
1.23000e+00		9.87034e-01		5.05872e-03
1.25000e+00		9.34717e-01		4.72716e-03
1.27000e+00		8.97709e-01		4.80047e-03
1.29000e+00		8.66703e-01		4.67596e-03
1.31000e+00		8.53520e-01		4.57144e-03
1.33000e+00		8.41519e-01		4.55578e-03
1.35000e+00		8.36589e-01		4.47259e-03
1.37000e+00		8.48584e-01		4.34054e-03
1.39000e+00		8.65629e-01		4.55917e-03
1.41000e+00		8.84296e-01		4.52711e-03
1.43000e+00		9.13136e-01		4.41045e-03
1.45000e+00		9.50221e-01		4.50619e-03
1.47000e+00		9.83080e-01		4.55874e-03
1.49000e+00		1.01379e+00		4.57483e-03
1.51000e+00		1.05005e+00		4.84370e-03
1.53000e+00		1.07859e+00		4.59194e-03
1.55000e+00		1.11675e+00		4.67018e-03
1.57000e+00		1.13210e+00		5.00502e-03
1.59000e+00		1.14622e+00		4.56400e-03
1.61000e+00		1.14736e+00		4.71834e-03
1.63000e+00		1.13624e+00		4.72557e-03
1.65000e+00		1.11747e+00		4.72263e-03
1.67000e+00		1.09956e+00		4.75767e-03
1.69000e+00		1.06449e+00		4.38900e-03
1.71000e+00		1.03096e+00		4.53892e-03
1.73000e+00		1.00097e+00		4.24264e-03
1.75000e+00		9.73112e-01		4.11102e-03
1.77000e+00		9.41850e-01		4.15021e-03
1.79000e+00		9.21780e-01		3.94098e-03
1.81000e+00		8.95524e-01		4.01028e-03
1.83000e+00		8.87376e-01		3.96443e-03
1.85000e+00		8.91832e-01		3.82852e-03
1.87000e+00		8.88659e-01		3.90303e-03
1.89000e+00		8.93127e-01		3.99098e-03
1.91000e+00		9.06141e-01		3.86871e-03
1.93000e+00		9.34042e-01		3.84419e-03
1.95000e+00		9.56253e-01		3.99393e-03
1.97000e+00		9.80893e-01		3.96846e-03
1.99000e+00		1.00800e+00		3.97408e-03
2.01000e+00		1.02924e+00		3.98751e-03
2.03000e+00		1.05092e+00		3.93444e-03
2.05000e+00		1.07342e+00		4.09480e-03
2.07000e+00		1.08569e+00		4.12139e-03
2.09000e+00		1.10115e+00		4.26766e-03
2.11000e+00		1.10218e+00		3.99383e-03
2.13000e+00		1.09445e+00		4.04339e-03
2.15000e+00		1.08908e+00		4.00507e-03
2.17000e+00		1.06383e+00		4.05421e-03
2.19000e+00		1.05705e+00		3.91443e-03
2.21000e+00		1.03111e+00		3.85137e-03
2.23000e+00		1.00495e+00		3.92091e-03
2.25000e+00		9.81905e-01		3.55959e-03
2.27000e+00		9.67881e-01		3.71958e-03
2.29000e+00		9.40659e-01		3.60576e-03
2.31000e+00		9.34026e-01		3.55040e-03
2.33000e+00		9.19164e-01		3.58593e-03
2.35000e+00		9.17905e-01		3.46027e-03
2.37000e+00		9.21098e-01		3.53159e-03
2.39000e+00		9.21891e-01		3.37807e-03
2.41000e+00		9.28421e-01		3.55783e-03
2.43000e+00		9.43795e-01		3.73055e-03
2.45000e+00		9.65160e-01		3.40991e-03
2.47000e+00		9.79037e-01		3.50542e-03
2.49000e+00		9.99894e-01		3.52562e-03
2.51000e+00		1.01930e+00		3.66767e-03
2.53000e+00		1.04498e+00		3.63424e-03
2.55000e+00		1.05665e+00		3.54568e-03
2.57000e+00		1.06706e+00		3.49856e-03
2.59000e+00		1.07667e+00		3.59350e-03
2.61000e+00		1.07867e+00		3.67736e-03
2.63000e+00		1.07134e+00		3.61556e-03
2.65000e+00		1.07068e+00		3.67622e-03
2.67000e+00		1.05374e+00		3.52465e-03
2.69000e+00		1.04173e+00		3.57709e-03
2.71000e+00		1.02594e+00		3.38888e-03
2.73000e+00		1.00976e+00		3.51089e-03
2.75000e+00		9.89138e-01		3.40295e-03
2.77000e+00		9.74991e-01		3.32786e-03
2.79000e+00		9.58265e-01		3.25947e-03
2.81000e+00		9.48497e-01		3.36665e-03
2.83000e+00		9.33083e-01		3.29799e-03
2.85000e+00		9.30368e-01		3.23269e-03
2.87000e+00		9.34656e-01		3.24725e-03
2.89000e+00		9.34823e-01		3.36052e-03
2.91000e+00		9.45544e-01		3.24187e-03
2.93000e+00		9.51277e-01		3.13103e-03
2.95000e+00		9.67511e-01		3.22482e-03
2.97000e+00		9.75994e-01		3.27673e-03
2.99000e+00		1.00312e+00		3.15704e-03
3.01000e+00		1.01405e+00		3.15438e-03
3.03000e+00		1.02895e+00		3.21679e-03
3.05000e+00		1.04408e+00		3.27412e-03
3.07000e+00		1.05262e+00		3.28087e-03
3.09000e+00		1.06126e+00		3.31357e-03
3.11000e+00		1.06688e+00		3.27573e-03
3.13000e+00		1.06589e+00		3.22430e-03
3.15000e+00		1.06211e+00		3.28588e-03
3.17000e+00		1.05388e+00		3.31508e-03
3.19000e+00		1.03792e+00		3.18834e-03
3.21000e+00		1.02698e+00		3.10763e-03
3.23000e+00		1.01118e+00		3.18445e-03
3.25000e+00		9.90171e-01		3.16590e-03
3.27000e+00		9.71659e-01		3.13026e-03
3.29000e+00		9.65951e-01		2.89924e-03
3.31000e+00		9.55523e-01		2.97271e-03
3.33000e+00		9.48854e-01		3.05063e-03
3.35000e+00		9.36657e-01		2.97294e-03
3.37000e+00		9.43552e-01		2.98072e-03
3.39000e+00		9.45729e-01		2.96293e-03
3.41000e+00		9.56889e-01		2.95207e-03
3.43000e+00		9.60019e-01		2.92327e-03
3.45000e+00		9.71940e-01		2.90992e-03
3.47000e+00		9.83639e-01		3.00038e-03
3.49000e+00		9.95429e-01		2.97137e-03
3.51000e+00		1.00997e+00		2.93796e-03
3.53000e+00		1.02120e+00		3.12001e-03
3.55000e+00		1.03137e+00		3.08915e-03
3.57000e+00		1.04754e+00		3.02913e-03
3.59000e+00		1.05616e+00		3.09395e-03
3.61000e+00		1.05932e+00		3.06957e-03
3.63000e+00		1.05482e+00		2.97446e-03
3.65000e+00		1.05007e+00		3.06178e-03
3.67000e+00		1.04472e+00		2.96125e-03
3.69000e+00		1.03851e+00		3.01909e-03
3.71000e+00		1.02062e+00		2.92318e-03
3.73000e+00		1.00631e+00		2.88079e-03
3.75000e+00		9.93364e-01		2.86531e-03
3.77000e+00		9.81079e-01		2.97430e-03
3.79000e+00		9.67065e-01		2.87946e-03
3.81000e+00		9.63204e-01		2.75331e-03
3.83000e+00		9.55475e-01		2.87703e-03
3.85000e+00		9.53544e-01		2.74075e-03
3.87000e+00		9.50942e-01		2.84814e-03
3.89000e+00		9.52432e-01		2.76557e-03
3.91000e+00		9.55751e-01		2.77539e-03
3.93000e+00		9.61358e-01		2.75577e-03
3.95000e+00		9.70707e-01		2.83825e-03
3.97000e+00		9.82615e-01		2.73278e-03
3.99000e+00		9.99880e-01		2.88507e-03
4.01000e+00		1.01041e+00		2.72882e-03
4.03000e+00		1.01909e+00		2.78375e-03
4.05000e+00		1.03765e+00		2.83708e-03
4.07000e+00		1.04310e+00		2.84512e-03
4.09000e+00		1.04152e+00		2.87521e-03
4.11000e+00		1.04340e+00		2.72082e-03
4.13000e+00		1.04877e+00		2.90163e-03
4.15000e+00		1.05159e+00		2.80591e-03
4.17000e+00		1.03601e+00		2.81498e-03
4.19000e+00		1.03455e+00		2.75383e-03
4.21000e+00		1.01730e+00		2.78274e-03
4.23000e+00		1.01596e+00		2.70745e-03
4.25000e+00		9.97317e-01		2.56781e-03
4.27000e+00		9.84902e-01		2.74459e-03
4.29000e+00		9.80759e-01		2.58474e-03
4.31000e+00		9.67257e-01		2.62608e-03
4.33000e+00		9.58308e-01		2.67438e-03
4.35000e+00		9.52672e-01		2.70402e-03
4.37000e+00		9.57297e-01		2.61025e-03
4.39000e+00		9.56004e-01		2.67470e-03
4.41000e+00		9.55314e-01		2.60509e-03
4.43000e+00		9.66702e-01		2.58697e-03
4.45000e+00		9.74493e-01		2.63058e-03
4.47000e+00		9.84045e-01		2.66355e-03
4.49000e+00		9.94195e-01		2.60167e-03
4.51000e+00		1.01203e+00		2.68636e-03
4.53000e+00		1.02208e+00		2.67364e-03
4.55000e+00		1.03171e+00		2.60968e-03
4.57000e+00		1.03525e+00		2.60318e-03
4.59000e+00		1.03805e+00		2.75544e-03
4.61000e+00		1.04246e+00		2.59905e-03
4.63000e+00		1.04345e+00		2.77656e-03
4.65000e+00		1.04074e+00		2.57874e-03
4.67000e+00		1.03415e+00		2.65595e-03
4.69000e+00		1.02762e+00		2.68165e-03
4.71000e+00		1.01861e+00		2.61120e-03
4.73000e+00		1.01180e+00		2.71732e-03
4.75000e+00		9.99937e-01		2.67083e-03
4.77000e+00		9.85913e-01		2.48786e-03
4.79000e+00		9.80462e-01		2.51228e-03
4.81000e+00		9.69904e-01		2.46440e-03
4.83000e+00		9.63646e-01		2.45961e-03
4.85000e+00		9.63727e-01		2.45891e-03
4.87000e+00		9.62655e-01		2.51607e-03
4.89000e+00		9.64320e-01		2.43439e-03
4.91000e+00		9.74824e-01		2.47407e-03
4.93000e+00		9.72212e-01		2.46932e-03
4.95000e+00		9.79246e-01		2.55425e-03
4.97000e+00		9.87648e-01		2.43841e-03
4.99000e+00		9.93361e-01		2.57095e-03
5.01000e+00		9.95134e-01		2.50682e-03
