# r	g(r)	sigma(g)
1.00000e-02		0.00000e+00		0.00000e+00
3.00000e-02		1.08701e-03		1.08646e-03
5.00000e-02		0.00000e+00		0.00000e+00
7.00000e-02		0.00000e+00		0.00000e+00
9.00000e-02		1.08701e-03		6.26635e-04
1.10000e-01		3.26104e-03		9.77762e-04
1.30000e-01		5.26783e-03		1.13728e-03
1.50000e-01		7.82649e-03		1.31687e-03
1.70000e-01		9.97493e-03		1.37351e-03
1.90000e-01		1.75066e-02		1.69467e-03
2.10000e-01		2.12744e-02		1.85073e-03
2.30000e-01		2.73643e-02		2.00199e-03
2.50000e-01		4.42197e-02		2.36570e-03
2.70000e-01		6.15974e-02		2.78388e-03
2.90000e-01		7.46665e-02		2.91644e-03
3.10000e-01		1.02460e-01		3.25210e-03
3.30000e-01		1.29453e-01		3.59377e-03
3.50000e-01		1.62213e-01		3.89913e-03
3.70000e-01		2.17608e-01		4.26843e-03
3.90000e-01		2.77690e-01		4.75258e-03
4.10000e-01		3.43125e-01		5.04133e-03
4.30000e-01		4.25679e-01		5.50492e-03
4.50000e-01		5.16258e-01		6.10191e-03
4.70000e-01		6.42771e-01		6.53145e-03
4.90000e-01		7.62151e-01		7.05291e-03
5.10000e-01		8.96785e-01		7.41216e-03
5.30000e-01		1.02433e+00		7.64064e-03
5.50000e-01		1.15168e+00		8.10956e-03
5.70000e-01		1.25750e+00		8.48069e-03
5.90000e-01		1.33277e+00		8.41496e-03
6.10000e-01		1.41385e+00		8.53348e-03
6.30000e-01		1.42067e+00		8.47865e-03
6.50000e-01		1.40360e+00		8.17048e-03
6.70000e-01		1.34934e+00		8.05477e-03
6.90000e-01		1.28319e+00		7.29725e-03
7.10000e-01		1.20874e+00		7.11882e-03
7.30000e-01		1.12591e+00		7.07110e-03
7.50000e-01		1.02444e+00		6.43849e-03
7.70000e-01		9.62260e-01		6.57501e-03
7.90000e-01		8.80645e-01		6.04466e-03
8.10000e-01		8.19446e-01		5.77863e-03
8.30000e-01		7.87678e-01		5.58629e-03
8.50000e-01		7.65922e-01		5.30089e-03
8.70000e-01		7.46402e-01		4.99527e-03
8.90000e-01		7.45055e-01		5.13285e-03
9.10000e-01		7.63477e-01		5.13526e-03
9.30000e-01		7.81457e-01		5.15220e-03
9.50000e-01		8.44986e-01		5.45609e-03
9.70000e-01		8.77017e-01		5.47249e-03
9.90000e-01		9.28473e-01		5.58022e-03
1.01000e+00		9.82767e-01		5.53501e-03
1.03000e+00		1.04106e+00		5.70247e-03
1.05000e+00		1.08763e+00		5.47191e-03
1.07000e+00		1.14374e+00		5.93444e-03
1.09000e+00		1.16231e+00		5.95881e-03
1.11000e+00		1.20920e+00		5.84304e-03
1.13000e+00		1.21590e+00		5.76222e-03
1.15000e+00		1.19793e+00		5.79135e-03
1.17000e+00		1.18139e+00		5.64875e-03
1.19000e+00		1.13865e+00		5.50767e-03
1.21000e+00		1.11010e+00		5.29198e-03
1.23000e+00		1.06379e+00		5.24818e-03
1.25000e+00		1.01382e+00		5.02316e-03
1.27000e+00		9.64650e-01		4.89284e-03
1.29000e+00		9.35639e-01		4.71232e-03
1.31000e+00		8.98328e-01		4.91474e-03
1.33000e+00		8.75846e-01		4.75495e-03
1.35000e+00		8.59754e-01		4.57622e-03
1.37000e+00		8.49607e-01		4.29713e-03
1.39000e+00		8.52116e-01		4.15662e-03
1.41000e+00		8.59549e-01		4.50097e-03
1.43000e+00		8.79568e-01		4.47435e-03
1.45000e+00		8.97685e-01		4.57208e-03
1.47000e+00		9.26423e-01		4.38916e-03
1.49000e+00		9.71833e-01		4.60798e-03
1.51000e+00		9.97575e-01		4.54408e-03
1.53000e+00		1.03396e+00		4.76485e-03
1.55000e+00		1.06459e+00		4.76701e-03
1.57000e+00		1.09818e+00		4.60181e-03
1.59000e+00		1.11464e+00		4.64399e-03
1.61000e+00		1.12716e+00		4.71973e-03
1.63000e+00		1.14816e+00		4.87594e-03
1.65000e+00		1.12620e+00		4.62238e-03
1.67000e+00		1.12355e+00		4.48351e-03
1.69000e+00		1.09864e+00		4.53911e-03
1.71000e+00		1.06508e+00		4.42031e-03
1.73000e+00		1.04065e+00		4.28860e-03
1.75000e+00		1.00360e+00		4.21221e-03
1.77000e+00		9.91244e-01		4.25269e-03
1.79000e+00		9.54992e-01		4.18356e-03
1.81000e+00		9.28801e-01		4.14475e-03
1.83000e+00		9.09188e-01		3.96948e-03
1.85000e+00		9.01756e-01		3.89819e-03
1.87000e+00		8.90071e-01		3.88027e-03
1.89000e+00		8.89590e-01		3.82482e-03
1.91000e+00		8.95709e-01		3.90681e-03
1.93000e+00		9.08241e-01		3.66380e-03
1.95000e+00		9.23793e-01		3.79171e-03
1.97000e+00		9.52587e-01		3.99512e-03
1.99000e+00		9.79311e-01		3.91331e-03
2.01000e+00		1.00664e+00		3.92072e-03
2.03000e+00		1.02263e+00		3.99811e-03
2.05000e+00		1.04980e+00		4.01940e-03
2.07000e+00		1.07431e+00		3.76712e-03
2.09000e+00		1.08563e+00		4.08466e-03
2.11000e+00		1.09943e+00		4.02690e-03
2.13000e+00		1.10355e+00		4.03708e-03
2.15000e+00		1.10592e+00		3.98009e-03
2.17000e+00		1.08385e+00		3.82165e-03
2.19000e+00		1.07109e+00		3.86539e-03
2.21000e+00		1.05063e+00		3.94719e-03
2.23000e+00		1.03445e+00		3.93362e-03
2.25000e+00		1.00096e+00		3.79393e-03
2.27000e+00		9.79819e-01		3.83478e-03
2.29000e+00		9.61436e-01		3.79110e-03
2.31000e+00		9.40618e-01		3.59181e-03
2.33000e+00		9.27394e-01		3.59804e-03
2.35000e+00		9.28174e-01		3.55320e-03
2.37000e+00		9.14108e-01		3.38183e-03
2.39000e+00		9.19353e-01		3.53094e-03
2.41000e+00		9.24578e-01		3.50098e-03
2.43000e+00		9.26148e-01		3.36847e-03
2.45000e+00		9.46552e-01		3.58002e-03
2.47000e+00		9.66943e-01		3.40756e-03
2.49000e+00		9.79136e-01		3.47834e-03
2.51000e+00		1.00710e+00		3.65594e-03
2.53000e+00		1.02081e+00		3.66136e-03
2.55000e+00		1.04229e+00		3.55065e-03
2.57000e+00		1.05821e+00		3.56794e-03
2.59000e+00		1.06841e+00		3.60786e-03
2.61000e+00		1.08115e+00		3.57157e-03
2.63000e+00		1.07907e+00		3.43055e-03
2.65000e+00		1.07620e+00		3.54068e-03
2.67000e+00		1.07071e+00		3.59746e-03
2.69000e+00		1.05712e+00		3.50830e-03
2.71000e+00		1.04672e+00		3.50322e-03
2.73000e+00		1.02080e+00		3.42078e-03
2.75000e+00		1.00229e+00		3.53832e-03
2.77000e+00		9.91237e-01		3.30797e-03
2.79000e+00		9.73542e-01		3.35616e-03
2.81000e+00		9.50621e-01		3.30833e-03
2.83000e+00		9.39824e-01		3.21265e-03
2.85000e+00		9.36020e-01		3.18987e-03
2.87000e+00		9.28645e-01		3.18962e-03
2.89000e+00		9.30919e-01		3.25539e-03
2.91000e+00		9.35189e-01		3.19943e-03
2.93000e+00		9.42206e-01		3.23396e-03
2.95000e+00		9.49669e-01		3.18848e-03
2.97000e+00		9.68923e-01		3.24350e-03
2.99000e+00		9.90515e-01		3.33589e-03
3.01000e+00		1.00511e+00		3.25200e-03
3.03000e+00		1.01868e+00		3.43218e-03
3.05000e+00		1.04126e+00		3.24579e-03
3.07000e+00		1.05159e+00		3.22478e-03
3.09000e+00		1.06202e+00		3.26006e-03
3.11000e+00		1.07027e+00		3.29149e-03
3.13000e+00		1.06848e+00		3.37769e-03
3.15000e+00		1.06426e+00		3.24581e-03
3.17000e+00		1.05816e+00		3.26731e-03
3.19000e+00		1.05007e+00		3.26451e-03
3.21000e+00		1.03115e+00		3.09416e-03
3.23000e+00		1.01725e+00		3.10436e-03
3.25000e+00		1.00164e+00		3.22025e-03
3.27000e+00		9.82579e-01		3.04853e-03
3.29000e+00		9.69241e-01		3.04037e-03
3.31000e+00		9.60104e-01		2.99178e-03
3.33000e+00		9.54925e-01		3.01318e-03
3.35000e+00		9.43549e-01		2.92689e-03
3.37000e+00		9.39769e-01		3.03834e-03
3.39000e+00		9.36244e-01		2.91551e-03
3.41000e+00		9.39188e-01		2.93205e-03
3.43000e+00		9.48886e-01		2.95786e-03
3.45000e+00		9.65040e-01		2.92022e-03
3.47000e+00		9.80651e-01		3.04213e-03
3.49000e+00		9.91009e-01		2.99558e-03
3.51000e+00		1.00230e+00		2.92864e-03
3.53000e+00		1.02231e+00		3.13092e-03
3.55000e+00		1.03152e+00		2.93950e-03
3.57000e+00		1.04140e+00		2.89033e-03
3.59000e+00		1.05359e+00		3.01457e-03
3.61000e+00		1.05353e+00		2.95948e-03
3.63000e+00		1.06363e+00		3.06147e-03
3.65000e+00		1.05768e+00		3.00876e-03
3.67000e+00		1.05212e+00		3.05203e-03
3.69000e+00		1.04305e+00		2.99616e-03
3.71000e+00		1.02429e+00		2.99021e-03
3.73000e+00		1.01400e+00		2.91371e-03
3.75000e+00		1.00183e+00		2.93653e-03
3.77000e+00		9.89634e-01		2.94312e-03
3.79000e+00		9.75360e-01		2.74238e-03
3.81000e+00		9.63854e-01		2.79967e-03
3.83000e+00		9.55637e-01		2.81437e-03
3.85000e+00		9.48089e-01		2.92869e-03
3.87000e+00		9.47335e-01		2.82446e-03
3.89000e+00		9.48073e-01		2.76963e-03
3.91000e+00		9.57819e-01		2.67937e-03
3.93000e+00		9.63466e-01		2.77858e-03
3.95000e+00		9.70303e-01		2.78942e-03
3.97000e+00		9.77243e-01		2.75374e-03
3.99000e+00		9.89957e-01		2.79105e-03
4.01000e+00		1.00057e+00		2.78375e-03
4.03000e+00		1.01510e+00		2.65057e-03
4.05000e+00		1.03095e+00		2.84774e-03
4.07000e+00		1.03640e+00		2.87743e-03
4.09000e+00		1.04247e+00		2.98679e-03
4.11000e+00		1.04710e+00		2.89125e-03
4.13000e+00		1.04816e+00		2.80291e-03
4.15000e+00		1.04770e+00		2.72930e-03
4.17000e+00		1.04427e+00		2.80153e-03
4.19000e+00		1.03911e+00		2.86841e-03
4.21000e+00		1.02833e+00		2.82260e-03
4.23000e+00		1.01484e+00		2.72788e-03
4.25000e+00		9.97424e-01		2.70288e-03
4.27000e+00		9.91928e-01		2.75015e-03
4.29000e+00		9.79960e-01		2.75043e-03
4.31000e+00		9.69254e-01		2.61676e-03
4.33000e+00		9.61373e-01		2.70429e-03
4.35000e+00		9.49554e-01		2.61602e-03
4.37000e+00		9.55267e-01		2.62400e-03
4.39000e+00		9.53708e-01		2.54792e-03
4.41000e+00		9.61370e-01		2.66300e-03
4.43000e+00		9.62963e-01		2.63778e-03
4.45000e+00		9.68696e-01		2.61802e-03
4.47000e+00		9.82396e-01		2.63699e-03
4.49000e+00		9.93991e-01		2.68380e-03
4.51000e+00		1.00367e+00		2.68372e-03
4.53000e+00		1.01373e+00		2.58352e-03
4.55000e+00		1.02386e+00		2.70388e-03
4.57000e+00		1.03409e+00		2.63617e-03
4.59000e+00		1.04055e+00		2.67454e-03
4.61000e+00		1.04633e+00		2.72728e-03
4.63000e+00		1.04733e+00		2.58443e-03
4.65000e+00		1.04129e+00		2.74005e-03
4.67000e+00		1.03412e+00		2.52507e-03
4.69000e+00		1.03433e+00		2.65229e-03
4.71000e+00		1.02589e+00		2.59798e-03
4.73000e+00		1.01285e+00		2.57108e-03
4.75000e+00		1.00023e+00		2.59647e-03
4.77000e+00		9.85120e-01		2.58164e-03
4.79000e+00		9.76166e-01		2.49880e-03
4.81000e+00		9.70046e-01		2.50005e-03
4.83000e+00		9.67751e-01		2.53744e-03
4.85000e+00		9.56761e-01		2.51675e-03
4.87000e+00		9.58196e-01		2.50308e-03
4.89000e+00		9.56537e-01		2.48111e-03
4.91000e+00		9.63686e-01		2.51293e-03
4.93000e+00		9.66576e-01		2.50885e-03
4.95000e+00		9.76275e-01		2.48378e-03
4.97000e+00		9.84242e-01		2.48835e-03
4.99000e+00		9.93668e-01		2.53587e-03
5.01000e+00		9.87170e-01		2.56910e-03
