# r		V(r)
0.0100	13.7309
0.0300	10.0440
0.0500	8.9197
0.0700	8.9092
0.0900	7.6456
0.1100	7.2368
0.1300	6.4382
0.1500	5.8704
0.1700	5.4433
0.1900	5.1460
0.2100	4.6300
0.2300	4.2560
0.2500	3.9276
0.2700	3.5130
0.2900	3.1550
0.3100	2.8215
0.3300	2.5430
0.3500	2.2500
0.3700	1.9722
0.3900	1.7302
0.4100	1.4944
0.4300	1.2656
0.4500	1.0461
0.4700	0.8569
0.4900	0.6758
0.5100	0.5105
0.5300	0.3611
0.5500	0.2300
0.5700	0.1269
0.5900	0.0340
0.6100	-0.0415
0.6300	-0.0926
0.6500	-0.1107
0.6700	-0.1224
0.6900	-0.1036
0.7100	-0.0656
0.7300	-0.0360
0.7500	0.0136
0.7700	0.0703
0.7900	0.1220
0.8100	0.1783
0.8300	0.2172
0.8500	0.2518
0.8700	0.2738
0.8900	0.2836
0.9100	0.2719
0.9300	0.2530
0.9500	0.2227
0.9700	0.1834
0.9900	0.1406
1.0100	0.0945
1.0300	0.0478
1.0500	0.0016
1.0700	-0.0470
1.0900	-0.0775
1.1100	-0.0991
1.1300	-0.1135
1.1500	-0.1321
1.1700	-0.1255
1.1900	-0.1175
1.2100	-0.1029
1.2300	-0.0830
1.2500	-0.0550
1.2700	-0.0225
1.2900	0.0045
1.3100	0.0304
1.3300	0.0591
1.3500	0.0779
1.3700	0.0895
1.3900	0.0984
1.4100	0.0968
1.4300	0.0832
1.4500	0.0723
1.4700	0.0501
1.4900	0.0247
1.5100	0.0046
1.5300	-0.0235
1.5500	-0.0463
1.5700	-0.0748
1.5900	-0.0853
1.6100	-0.0961
1.6300	-0.1088
1.6500	-0.1109
1.6700	-0.1105
1.6900	-0.1004
1.7100	-0.0932
1.7300	-0.0761
1.7500	-0.0569
1.7700	-0.0326
1.7900	-0.0146
1.8100	0.0043
1.8300	0.0188
1.8500	0.0336
1.8700	0.0435
1.8900	0.0461
1.9100	0.0442
1.9300	0.0403
1.9500	0.0298
1.9700	0.0152
1.9900	0.0067
2.0100	-0.0154
2.0300	-0.0249
2.0500	-0.0343
2.0700	-0.0458
2.0900	-0.0568
2.1100	-0.0632
2.1300	-0.0712
2.1500	-0.0714
2.1700	-0.0715
2.1900	-0.0707
2.2100	-0.0663
2.2300	-0.0546
2.2500	-0.0508
2.2700	-0.0381
2.2900	-0.0297
2.3100	-0.0225
2.3300	-0.0179
2.3500	-0.0104
2.3700	-0.0036
2.3900	-0.0058
2.4100	-0.0058
2.4300	-0.0051
2.4500	-0.0128
2.4700	-0.0209
2.4900	-0.0263
2.5100	-0.0380
2.5300	-0.0407
2.5500	-0.0488
2.5700	-0.0540
2.5900	-0.0606
2.6100	-0.0619
2.6300	-0.0677
2.6500	-0.0701
2.6700	-0.0639
2.6900	-0.0644
2.7100	-0.0594
2.7300	-0.0482
2.7500	-0.0423
2.7700	-0.0356
2.7900	-0.0256
2.8100	-0.0193
2.8300	-0.0153
2.8500	-0.0148
2.8700	-0.0103
2.8900	-0.0121
2.9100	-0.0104
2.9300	-0.0147
2.9500	-0.0180
2.9700	-0.0257
2.9900	-0.0306
3.0100	-0.0414
3.0300	-0.0436
3.0500	-0.0528
3.0700	-0.0601
3.0900	-0.0614
3.1100	-0.0654
3.1300	-0.0639
3.1500	-0.0642
3.1700	-0.0617
3.1900	-0.0603
3.2100	-0.0499
3.2300	-0.0458
3.2500	-0.0396
3.2700	-0.0364
3.2900	-0.0303
3.3100	-0.0203
3.3300	-0.0211
3.3500	-0.0198
3.3700	-0.0178
3.3900	-0.0205
3.4100	-0.0193
3.4300	-0.0230
3.4500	-0.0266
3.4700	-0.0349
3.4900	-0.0422
3.5100	-0.0474
3.5300	-0.0551
3.5500	-0.0604
3.5700	-0.0629
3.5900	-0.0647
3.6100	-0.0680
3.6300	-0.0664
3.6500	-0.0679
3.6700	-0.0623
3.6900	-0.0559
3.7100	-0.0522
3.7300	-0.0484
3.7500	-0.0404
3.7700	-0.0368
3.7900	-0.0299
3.8100	-0.0252
3.8300	-0.0219
3.8500	-0.0194
3.8700	-0.0210
3.8900	-0.0220
3.9100	-0.0234
3.9300	-0.0304
3.9500	-0.0352
3.9700	-0.0385
3.9900	-0.0460
4.0100	-0.0524
4.0300	-0.0586
4.0500	-0.0604
4.0700	-0.0637
4.0900	-0.0684
4.1100	-0.0664
4.1300	-0.0639
4.1500	-0.0626
4.1700	-0.0579
4.1900	-0.0547
4.2100	-0.0491
4.2300	-0.0449
4.2500	-0.0403
4.2700	-0.0332
4.2900	-0.0314
4.3100	-0.0267
4.3300	-0.0252
4.3500	-0.0243
4.3700	-0.0251
4.3900	-0.0269
4.4100	-0.0273
4.4300	-0.0329
4.4500	-0.0381
4.4700	-0.0425
4.4900	-0.0501
4.5100	-0.0536
4.5300	-0.0551
4.5500	-0.0578
4.5700	-0.0606
4.5900	-0.0586
4.6100	-0.0580
4.6300	-0.0569
4.6500	-0.0525
4.6700	-0.0466
4.6900	-0.0378
4.7100	-0.0296
4.7300	-0.0252
4.7500	-0.0163
4.7700	-0.0090
4.7900	-0.0052
4.8100	-0.0009
4.8300	0.0036
4.8500	0.0070
4.8700	0.0056
4.8900	0.0046
4.9100	0.0024
4.9300	0.0003
4.9500	-0.0050
4.9700	-0.0089
4.9900	-0.0147
5.0100	-0.0359
5.0300	0.0000
5.0500	0.0000
5.0700	0.0000
5.0900	0.0000
5.1100	0.0000
5.1300	0.0000
5.1500	0.0000
5.1700	0.0000
5.1900	0.0000
5.2100	0.0000
5.2300	0.0000
5.2500	0.0000
5.2700	0.0000
5.2900	0.0000
5.3100	0.0000
5.3300	0.0000
5.3500	0.0000
5.3700	0.0000
5.3900	0.0000
5.4100	0.0000
5.4300	0.0000
5.4500	0.0000
5.4700	0.0000
5.4900	0.0000
5.5100	0.0000
5.5300	0.0000
5.5500	0.0000
5.5700	0.0000
5.5900	0.0000
5.6100	0.0000
5.6300	0.0000
5.6500	0.0000
5.6700	0.0000
5.6900	0.0000
5.7100	0.0000
5.7300	0.0000
5.7500	0.0000
5.7700	0.0000
5.7900	0.0000
5.8100	0.0000
5.8300	0.0000
5.8500	0.0000
5.8700	0.0000
5.8900	0.0000
5.9100	0.0000
5.9300	0.0000
5.9500	0.0000
5.9700	0.0000
5.9900	0.0000
