# r		V(r)
0.0100	13.7309
0.0300	10.0440
0.0500	8.9197
0.0700	8.7621
0.0900	7.6756
0.1100	7.3405
0.1300	6.5093
0.1500	5.9465
0.1700	5.4980
0.1900	5.1635
0.2100	4.6711
0.2300	4.2817
0.2500	3.9419
0.2700	3.5342
0.2900	3.1871
0.3100	2.8458
0.3300	2.5678
0.3500	2.2682
0.3700	1.9910
0.3900	1.7484
0.4100	1.5099
0.4300	1.2857
0.4500	1.0658
0.4700	0.8765
0.4900	0.6923
0.5100	0.5267
0.5300	0.3765
0.5500	0.2445
0.5700	0.1374
0.5900	0.0458
0.6100	-0.0278
0.6300	-0.0810
0.6500	-0.1021
0.6700	-0.1138
0.6900	-0.0977
0.7100	-0.0615
0.7300	-0.0310
0.7500	0.0191
0.7700	0.0745
0.7900	0.1266
0.8100	0.1829
0.8300	0.2210
0.8500	0.2559
0.8700	0.2763
0.8900	0.2880
0.9100	0.2779
0.9300	0.2592
0.9500	0.2300
0.9700	0.1908
0.9900	0.1487
1.0100	0.0990
1.0300	0.0561
1.0500	0.0089
1.0700	-0.0385
1.0900	-0.0684
1.1100	-0.0936
1.1300	-0.1072
1.1500	-0.1257
1.1700	-0.1208
1.1900	-0.1129
1.2100	-0.0983
1.2300	-0.0802
1.2500	-0.0520
1.2700	-0.0216
1.2900	0.0066
1.3100	0.0324
1.3300	0.0615
1.3500	0.0806
1.3700	0.0898
1.3900	0.0993
1.4100	0.0979
1.4300	0.0861
1.4500	0.0732
1.4700	0.0518
1.4900	0.0263
1.5100	0.0065
1.5300	-0.0202
1.5500	-0.0443
1.5700	-0.0709
1.5900	-0.0818
1.6100	-0.0957
1.6300	-0.1065
1.6500	-0.1094
1.6700	-0.1102
1.6900	-0.0993
1.7100	-0.0919
1.7300	-0.0759
1.7500	-0.0577
1.7700	-0.0338
1.7900	-0.0159
1.8100	0.0040
1.8300	0.0173
1.8500	0.0319
1.8700	0.0403
1.8900	0.0457
1.9100	0.0435
1.9300	0.0401
1.9500	0.0285
1.9700	0.0132
1.9900	0.0068
2.0100	-0.0161
2.0300	-0.0258
2.0500	-0.0361
2.0700	-0.0475
2.0900	-0.0581
2.1100	-0.0653
2.1300	-0.0726
2.1500	-0.0734
2.1700	-0.0730
2.1900	-0.0722
2.2100	-0.0678
2.2300	-0.0562
2.2500	-0.0525
2.2700	-0.0398
2.2900	-0.0307
2.3100	-0.0231
2.3300	-0.0179
2.3500	-0.0101
2.3700	-0.0030
2.3900	-0.0056
2.4100	-0.0051
2.4300	-0.0058
2.4500	-0.0137
2.4700	-0.0211
2.4900	-0.0263
2.5100	-0.0395
2.5300	-0.0425
2.5500	-0.0516
2.5700	-0.0572
2.5900	-0.0625
2.6100	-0.0655
2.6300	-0.0715
2.6500	-0.0728
2.6700	-0.0673
2.6900	-0.0662
2.7100	-0.0625
2.7300	-0.0509
2.7500	-0.0444
2.7700	-0.0381
2.7900	-0.0272
2.8100	-0.0206
2.8300	-0.0166
2.8500	-0.0153
2.8700	-0.0106
2.8900	-0.0128
2.9100	-0.0103
2.9300	-0.0158
2.9500	-0.0201
2.9700	-0.0269
2.9900	-0.0319
3.0100	-0.0416
3.0300	-0.0463
3.0500	-0.0550
3.0700	-0.0620
3.0900	-0.0635
3.1100	-0.0679
3.1300	-0.0660
3.1500	-0.0674
3.1700	-0.0639
3.1900	-0.0609
3.2100	-0.0525
3.2300	-0.0482
3.2500	-0.0410
3.2700	-0.0370
3.2900	-0.0313
3.3100	-0.0217
3.3300	-0.0232
3.3500	-0.0200
3.3700	-0.0173
3.3900	-0.0209
3.4100	-0.0202
3.4300	-0.0246
3.4500	-0.0276
3.4700	-0.0356
3.4900	-0.0430
3.5100	-0.0487
3.5300	-0.0560
3.5500	-0.0621
3.5700	-0.0646
3.5900	-0.0665
3.6100	-0.0696
3.6300	-0.0686
3.6500	-0.0702
3.6700	-0.0639
3.6900	-0.0579
3.7100	-0.0541
3.7300	-0.0494
3.7500	-0.0417
3.7700	-0.0385
3.7900	-0.0307
3.8100	-0.0263
3.8300	-0.0235
3.8500	-0.0204
3.8700	-0.0219
3.8900	-0.0226
3.9100	-0.0248
3.9300	-0.0319
3.9500	-0.0361
3.9700	-0.0400
3.9900	-0.0473
4.0100	-0.0538
4.0300	-0.0590
4.0500	-0.0622
4.0700	-0.0657
4.0900	-0.0692
4.1100	-0.0684
4.1300	-0.0650
4.1500	-0.0649
4.1700	-0.0602
4.1900	-0.0559
4.2100	-0.0495
4.2300	-0.0457
4.2500	-0.0403
4.2700	-0.0344
4.2900	-0.0316
4.3100	-0.0269
4.3300	-0.0251
4.3500	-0.0239
4.3700	-0.0245
4.3900	-0.0259
4.4100	-0.0275
4.4300	-0.0347
4.4500	-0.0389
4.4700	-0.0444
4.4900	-0.0511
4.5100	-0.0548
4.5300	-0.0572
4.5500	-0.0589
4.5700	-0.0624
4.5900	-0.0608
4.6100	-0.0599
4.6300	-0.0589
4.6500	-0.0536
4.6700	-0.0468
4.6900	-0.0389
4.7100	-0.0309
4.7300	-0.0257
4.7500	-0.0173
4.7700	-0.0094
4.7900	-0.0060
4.8100	-0.0023
4.8300	0.0024
4.8500	0.0076
4.8700	0.0058
4.8900	0.0050
4.9100	0.0024
4.9300	0.0002
4.9500	-0.0052
4.9700	-0.0090
4.9900	-0.0147
5.0100	-0.0389
5.0300	0.0000
5.0500	0.0000
5.0700	0.0000
5.0900	0.0000
5.1100	0.0000
5.1300	0.0000
5.1500	0.0000
5.1700	0.0000
5.1900	0.0000
5.2100	0.0000
5.2300	0.0000
5.2500	0.0000
5.2700	0.0000
5.2900	0.0000
5.3100	0.0000
5.3300	0.0000
5.3500	0.0000
5.3700	0.0000
5.3900	0.0000
5.4100	0.0000
5.4300	0.0000
5.4500	0.0000
5.4700	0.0000
5.4900	0.0000
5.5100	0.0000
5.5300	0.0000
5.5500	0.0000
5.5700	0.0000
5.5900	0.0000
5.6100	0.0000
5.6300	0.0000
5.6500	0.0000
5.6700	0.0000
5.6900	0.0000
5.7100	0.0000
5.7300	0.0000
5.7500	0.0000
5.7700	0.0000
5.7900	0.0000
5.8100	0.0000
5.8300	0.0000
5.8500	0.0000
5.8700	0.0000
5.8900	0.0000
5.9100	0.0000
5.9300	0.0000
5.9500	0.0000
5.9700	0.0000
5.9900	0.0000
