# r		V(r)
0.0100	1.6228
0.0300	1.6068
0.0500	1.5743
0.0700	1.4955
0.0900	1.4186
0.1100	1.3055
0.1300	1.1854
0.1500	1.0580
0.1700	0.9216
0.1900	0.7894
0.2100	0.6425
0.2300	0.5049
0.2500	0.3622
0.2700	0.2281
0.2900	0.1036
0.3100	-0.0081
0.3300	-0.1128
0.3500	-0.2146
0.3700	-0.3041
0.3900	-0.3843
0.4100	-0.4599
0.4300	-0.5312
0.4500	-0.5898
0.4700	-0.6475
0.4900	-0.7000
0.5100	-0.7342
0.5300	-0.7664
0.5500	-0.7883
0.5700	-0.7909
0.5900	-0.7829
0.6100	-0.7621
0.6300	-0.7226
0.6500	-0.6739
0.6700	-0.6182
0.6900	-0.5511
0.7100	-0.4791
0.7300	-0.4107
0.7500	-0.3445
0.7700	-0.2889
0.7900	-0.2371
0.8100	-0.2033
0.8300	-0.1783
0.8500	-0.1630
0.8700	-0.1600
0.8900	-0.1600
0.9100	-0.1693
0.9300	-0.1810
0.9500	-0.1930
0.9700	-0.2086
0.9900	-0.2241
1.0100	-0.2385
1.0300	-0.2518
1.0500	-0.2595
1.0700	-0.2671
1.0900	-0.2634
1.1100	-0.2584
1.1300	-0.2457
1.1500	-0.2307
1.1700	-0.2090
1.1900	-0.1820
1.2100	-0.1554
1.2300	-0.1270
1.2500	-0.0972
1.2700	-0.0739
1.2900	-0.0513
1.3100	-0.0328
1.3300	-0.0225
1.3500	-0.0151
1.3700	-0.0127
1.3900	-0.0165
1.4100	-0.0218
1.4300	-0.0326
1.4500	-0.0450
1.4700	-0.0591
1.4900	-0.0725
1.5100	-0.0855
1.5300	-0.0976
1.5500	-0.1056
1.5700	-0.1095
1.5900	-0.1128
1.6100	-0.1116
1.6300	-0.1086
1.6500	-0.1002
1.6700	-0.0884
1.6900	-0.0743
1.7100	-0.0579
1.7300	-0.0418
1.7500	-0.0265
1.7700	-0.0105
1.7900	0.0019
1.8100	0.0151
1.8300	0.0207
1.8500	0.0279
1.8700	0.0280
1.8900	0.0253
1.9100	0.0201
1.9300	0.0099
1.9500	0.0028
1.9700	-0.0094
1.9900	-0.0215
2.0100	-0.0318
2.0300	-0.0401
2.0500	-0.0502
2.0700	-0.0530
2.0900	-0.0553
2.1100	-0.0570
2.1300	-0.0522
2.1500	-0.0506
2.1700	-0.0417
2.1900	-0.0337
2.2100	-0.0226
2.2300	-0.0111
2.2500	0.0011
2.2700	0.0118
2.2900	0.0196
2.3100	0.0263
2.3300	0.0317
2.3500	0.0349
2.3700	0.0324
2.3900	0.0316
2.4100	0.0266
2.4300	0.0187
2.4500	0.0116
2.4700	0.0018
2.4900	-0.0090
2.5100	-0.0167
2.5300	-0.0248
2.5500	-0.0318
2.5700	-0.0358
2.5900	-0.0373
2.6100	-0.0376
2.6300	-0.0358
2.6500	-0.0320
2.6700	-0.0249
2.6900	-0.0179
2.7100	-0.0109
2.7300	-0.0017
2.7500	0.0079
2.7700	0.0160
2.7900	0.0233
2.8100	0.0292
2.8300	0.0339
2.8500	0.0346
2.8700	0.0329
2.8900	0.0300
2.9100	0.0259
2.9300	0.0183
2.9500	0.0111
2.9700	0.0015
2.9900	-0.0053
3.0100	-0.0125
3.0300	-0.0201
3.0500	-0.0244
3.0700	-0.0281
3.0900	-0.0317
3.1100	-0.0312
3.1300	-0.0304
3.1500	-0.0255
3.1700	-0.0202
3.1900	-0.0136
3.2100	-0.0077
3.2300	-0.0010
3.2500	0.0078
3.2700	0.0143
3.2900	0.0199
3.3100	0.0239
3.3300	0.0255
3.3500	0.0259
3.3700	0.0251
3.3900	0.0218
3.4100	0.0181
3.4300	0.0109
3.4500	0.0036
3.4700	-0.0044
3.4900	-0.0108
3.5100	-0.0193
3.5300	-0.0246
3.5500	-0.0283
3.5700	-0.0329
3.5900	-0.0329
3.6100	-0.0323
3.6300	-0.0310
3.6500	-0.0279
3.6700	-0.0229
3.6900	-0.0166
3.7100	-0.0104
3.7300	-0.0036
3.7500	0.0011
3.7700	0.0076
3.7900	0.0130
3.8100	0.0141
3.8300	0.0160
3.8500	0.0169
3.8700	0.0130
3.8900	0.0104
3.9100	0.0045
3.9300	-0.0013
3.9500	-0.0073
3.9700	-0.0149
3.9900	-0.0218
4.0100	-0.0283
4.0300	-0.0349
4.0500	-0.0383
4.0700	-0.0417
4.0900	-0.0412
4.1100	-0.0433
4.1300	-0.0404
4.1500	-0.0354
4.1700	-0.0314
4.1900	-0.0260
4.2100	-0.0201
4.2300	-0.0160
4.2500	-0.0100
4.2700	-0.0051
4.2900	-0.0010
4.3100	0.0008
4.3300	0.0012
4.3500	-0.0030
4.3700	-0.0048
4.3900	-0.0112
4.4100	-0.0171
4.4300	-0.0234
4.4500	-0.0301
4.4700	-0.0365
4.4900	-0.0447
4.5100	-0.0507
4.5300	-0.0545
4.5500	-0.0571
4.5700	-0.0583
4.5900	-0.0559
4.6100	-0.0543
4.6300	-0.0500
4.6500	-0.0441
4.6700	-0.0365
4.6900	-0.0297
4.7100	-0.0213
4.7300	-0.0135
4.7500	-0.0058
4.7700	0.0023
4.7900	0.0071
4.8100	0.0126
4.8300	0.0130
4.8500	0.0140
4.8700	0.0133
4.8900	0.0100
4.9100	0.0057
4.9300	0.0016
4.9500	-0.0029
4.9700	-0.0073
4.9900	-0.0114
5.0100	-0.0867
5.0300	0.0000
5.0500	0.0000
5.0700	0.0000
5.0900	0.0000
5.1100	0.0000
5.1300	0.0000
5.1500	0.0000
5.1700	0.0000
5.1900	0.0000
5.2100	0.0000
5.2300	0.0000
5.2500	0.0000
5.2700	0.0000
5.2900	0.0000
5.3100	0.0000
5.3300	0.0000
5.3500	0.0000
5.3700	0.0000
5.3900	0.0000
5.4100	0.0000
5.4300	0.0000
5.4500	0.0000
5.4700	0.0000
5.4900	0.0000
5.5100	0.0000
5.5300	0.0000
5.5500	0.0000
5.5700	0.0000
5.5900	0.0000
5.6100	0.0000
5.6300	0.0000
5.6500	0.0000
5.6700	0.0000
5.6900	0.0000
5.7100	0.0000
5.7300	0.0000
5.7500	0.0000
5.7700	0.0000
5.7900	0.0000
5.8100	0.0000
5.8300	0.0000
5.8500	0.0000
5.8700	0.0000
5.8900	0.0000
5.9100	0.0000
5.9300	0.0000
5.9500	0.0000
5.9700	0.0000
5.9900	0.0000
