# r		V(r)
0.0100	13.7309
0.0300	10.0440
0.0500	8.7366
0.0700	8.7227
0.0900	7.7048
0.1100	7.1623
0.1300	6.3375
0.1500	5.8155
0.1700	5.3827
0.1900	5.0979
0.2100	4.5903
0.2300	4.2257
0.2500	3.9042
0.2700	3.4875
0.2900	3.1261
0.3100	2.7964
0.3300	2.5227
0.3500	2.2393
0.3700	1.9520
0.3900	1.7112
0.4100	1.4752
0.4300	1.2500
0.4500	1.0273
0.4700	0.8387
0.4900	0.6589
0.5100	0.4959
0.5300	0.3463
0.5500	0.2159
0.5700	0.1136
0.5900	0.0227
0.6100	-0.0528
0.6300	-0.1026
0.6500	-0.1208
0.6700	-0.1316
0.6900	-0.1119
0.7100	-0.0723
0.7300	-0.0438
0.7500	0.0088
0.7700	0.0654
0.7900	0.1179
0.8100	0.1754
0.8300	0.2124
0.8500	0.2484
0.8700	0.2693
0.8900	0.2792
0.9100	0.2671
0.9300	0.2464
0.9500	0.2181
0.9700	0.1771
0.9900	0.1364
1.0100	0.0868
1.0300	0.0419
1.0500	-0.0044
1.0700	-0.0537
1.0900	-0.0840
1.1100	-0.1054
1.1300	-0.1178
1.1500	-0.1362
1.1700	-0.1302
1.1900	-0.1209
1.2100	-0.1047
1.2300	-0.0850
1.2500	-0.0544
1.2700	-0.0236
1.2900	0.0038
1.3100	0.0293
1.3300	0.0601
1.3500	0.0789
1.3700	0.0891
1.3900	0.1008
1.4100	0.0998
1.4300	0.0828
1.4500	0.0719
1.4700	0.0507
1.4900	0.0243
1.5100	0.0044
1.5300	-0.0252
1.5500	-0.0481
1.5700	-0.0761
1.5900	-0.0859
1.6100	-0.0968
1.6300	-0.1109
1.6500	-0.1116
1.6700	-0.1105
1.6900	-0.1008
1.7100	-0.0924
1.7300	-0.0762
1.7500	-0.0560
1.7700	-0.0310
1.7900	-0.0122
1.8100	0.0072
1.8300	0.0224
1.8500	0.0370
1.8700	0.0485
1.8900	0.0497
1.9100	0.0475
1.9300	0.0420
1.9500	0.0306
1.9700	0.0165
1.9900	0.0082
2.0100	-0.0138
2.0300	-0.0233
2.0500	-0.0330
2.0700	-0.0432
2.0900	-0.0543
2.1100	-0.0595
2.1300	-0.0672
2.1500	-0.0691
2.1700	-0.0680
2.1900	-0.0670
2.2100	-0.0632
2.2300	-0.0523
2.2500	-0.0485
2.2700	-0.0352
2.2900	-0.0274
2.3100	-0.0225
2.3300	-0.0169
2.3500	-0.0102
2.3700	-0.0042
2.3900	-0.0047
2.4100	-0.0058
2.4300	-0.0043
2.4500	-0.0135
2.4700	-0.0204
2.4900	-0.0248
2.5100	-0.0380
2.5300	-0.0392
2.5500	-0.0459
2.5700	-0.0504
2.5900	-0.0574
2.6100	-0.0582
2.6300	-0.0644
2.6500	-0.0671
2.6700	-0.0600
2.6900	-0.0604
2.7100	-0.0571
2.7300	-0.0459
2.7500	-0.0391
2.7700	-0.0330
2.7900	-0.0234
2.8100	-0.0165
2.8300	-0.0140
2.8500	-0.0128
2.8700	-0.0079
2.8900	-0.0116
2.9100	-0.0091
2.9300	-0.0137
2.9500	-0.0164
2.9700	-0.0230
2.9900	-0.0290
3.0100	-0.0386
3.0300	-0.0402
3.0500	-0.0499
3.0700	-0.0574
3.0900	-0.0585
3.1100	-0.0615
3.1300	-0.0607
3.1500	-0.0597
3.1700	-0.0583
3.1900	-0.0574
3.2100	-0.0465
3.2300	-0.0437
3.2500	-0.0356
3.2700	-0.0343
3.2900	-0.0283
3.3100	-0.0183
3.3300	-0.0202
3.3500	-0.0178
3.3700	-0.0158
3.3900	-0.0191
3.4100	-0.0171
3.4300	-0.0211
3.4500	-0.0242
3.4700	-0.0332
3.4900	-0.0403
3.5100	-0.0443
3.5300	-0.0523
3.5500	-0.0583
3.5700	-0.0604
3.5900	-0.0600
3.6100	-0.0653
3.6300	-0.0635
3.6500	-0.0648
3.6700	-0.0598
3.6900	-0.0536
3.7100	-0.0491
3.7300	-0.0466
3.7500	-0.0382
3.7700	-0.0344
3.7900	-0.0287
3.8100	-0.0237
3.8300	-0.0200
3.8500	-0.0167
3.8700	-0.0185
3.8900	-0.0200
3.9100	-0.0222
3.9300	-0.0290
3.9500	-0.0335
3.9700	-0.0352
3.9900	-0.0455
4.0100	-0.0499
4.0300	-0.0557
4.0500	-0.0580
4.0700	-0.0613
4.0900	-0.0659
4.1100	-0.0640
4.1300	-0.0615
4.1500	-0.0602
4.1700	-0.0547
4.1900	-0.0518
4.2100	-0.0460
4.2300	-0.0436
4.2500	-0.0378
4.2700	-0.0308
4.2900	-0.0304
4.3100	-0.0251
4.3300	-0.0235
4.3500	-0.0223
4.3700	-0.0232
4.3900	-0.0255
4.4100	-0.0263
4.4300	-0.0306
4.4500	-0.0361
4.4700	-0.0403
4.4900	-0.0485
4.5100	-0.0511
4.5300	-0.0518
4.5500	-0.0552
4.5700	-0.0575
4.5900	-0.0561
4.6100	-0.0559
4.6300	-0.0540
4.6500	-0.0505
4.6700	-0.0451
4.6900	-0.0365
4.7100	-0.0283
4.7300	-0.0244
4.7500	-0.0157
4.7700	-0.0079
4.7900	-0.0047
4.8100	0.0000
4.8300	0.0037
4.8500	0.0076
4.8700	0.0049
4.8900	0.0047
4.9100	0.0026
4.9300	0.0006
4.9500	-0.0051
4.9700	-0.0089
4.9900	-0.0147
5.0100	-0.0332
5.0300	0.0000
5.0500	0.0000
5.0700	0.0000
5.0900	0.0000
5.1100	0.0000
5.1300	0.0000
5.1500	0.0000
5.1700	0.0000
5.1900	0.0000
5.2100	0.0000
5.2300	0.0000
5.2500	0.0000
5.2700	0.0000
5.2900	0.0000
5.3100	0.0000
5.3300	0.0000
5.3500	0.0000
5.3700	0.0000
5.3900	0.0000
5.4100	0.0000
5.4300	0.0000
5.4500	0.0000
5.4700	0.0000
5.4900	0.0000
5.5100	0.0000
5.5300	0.0000
5.5500	0.0000
5.5700	0.0000
5.5900	0.0000
5.6100	0.0000
5.6300	0.0000
5.6500	0.0000
5.6700	0.0000
5.6900	0.0000
5.7100	0.0000
5.7300	0.0000
5.7500	0.0000
5.7700	0.0000
5.7900	0.0000
5.8100	0.0000
5.8300	0.0000
5.8500	0.0000
5.8700	0.0000
5.8900	0.0000
5.9100	0.0000
5.9300	0.0000
5.9500	0.0000
5.9700	0.0000
5.9900	0.0000
