# r		V(r)
0.0100	1.6386
0.0300	1.6074
0.0500	1.5758
0.0700	1.4989
0.0900	1.4217
0.1100	1.2991
0.1300	1.1858
0.1500	1.0569
0.1700	0.9202
0.1900	0.7848
0.2100	0.6369
0.2300	0.4991
0.2500	0.3603
0.2700	0.2264
0.2900	0.1038
0.3100	-0.0119
0.3300	-0.1133
0.3500	-0.2181
0.3700	-0.3050
0.3900	-0.3883
0.4100	-0.4615
0.4300	-0.5326
0.4500	-0.5931
0.4700	-0.6507
0.4900	-0.7019
0.5100	-0.7371
0.5300	-0.7693
0.5500	-0.7915
0.5700	-0.7924
0.5900	-0.7869
0.6100	-0.7648
0.6300	-0.7252
0.6500	-0.6773
0.6700	-0.6204
0.6900	-0.5529
0.7100	-0.4830
0.7300	-0.4144
0.7500	-0.3471
0.7700	-0.2912
0.7900	-0.2395
0.8100	-0.2059
0.8300	-0.1825
0.8500	-0.1654
0.8700	-0.1621
0.8900	-0.1619
0.9100	-0.1717
0.9300	-0.1832
0.9500	-0.1958
0.9700	-0.2102
0.9900	-0.2270
1.0100	-0.2423
1.0300	-0.2536
1.0500	-0.2614
1.0700	-0.2695
1.0900	-0.2646
1.1100	-0.2613
1.1300	-0.2482
1.1500	-0.2319
1.1700	-0.2114
1.1900	-0.1830
1.2100	-0.1572
1.2300	-0.1281
1.2500	-0.0985
1.2700	-0.0746
1.2900	-0.0525
1.3100	-0.0346
1.3300	-0.0238
1.3500	-0.0159
1.3700	-0.0143
1.3900	-0.0184
1.4100	-0.0239
1.4300	-0.0341
1.4500	-0.0453
1.4700	-0.0609
1.4900	-0.0732
1.5100	-0.0865
1.5300	-0.0988
1.5500	-0.1063
1.5700	-0.1102
1.5900	-0.1129
1.6100	-0.1123
1.6300	-0.1088
1.6500	-0.1008
1.6700	-0.0890
1.6900	-0.0752
1.7100	-0.0585
1.7300	-0.0430
1.7500	-0.0263
1.7700	-0.0109
1.7900	0.0023
1.8100	0.0144
1.8300	0.0212
1.8500	0.0265
1.8700	0.0286
1.8900	0.0249
1.9100	0.0196
1.9300	0.0105
1.9500	0.0023
1.9700	-0.0098
1.9900	-0.0221
2.0100	-0.0313
2.0300	-0.0401
2.0500	-0.0502
2.0700	-0.0527
2.0900	-0.0549
2.1100	-0.0561
2.1300	-0.0519
2.1500	-0.0508
2.1700	-0.0418
2.1900	-0.0330
2.2100	-0.0227
2.2300	-0.0109
2.2500	0.0031
2.2700	0.0127
2.2900	0.0195
2.3100	0.0272
2.3300	0.0332
2.3500	0.0355
2.3700	0.0332
2.3900	0.0320
2.4100	0.0266
2.4300	0.0195
2.4500	0.0120
2.4700	0.0025
2.4900	-0.0091
2.5100	-0.0169
2.5300	-0.0242
2.5500	-0.0308
2.5700	-0.0351
2.5900	-0.0366
2.6100	-0.0372
2.6300	-0.0358
2.6500	-0.0315
2.6700	-0.0248
2.6900	-0.0179
2.7100	-0.0101
2.7300	-0.0016
2.7500	0.0090
2.7700	0.0160
2.7900	0.0238
2.8100	0.0304
2.8300	0.0343
2.8500	0.0340
2.8700	0.0332
2.8900	0.0303
2.9100	0.0259
2.9300	0.0191
2.9500	0.0102
2.9700	0.0017
2.9900	-0.0055
3.0100	-0.0130
3.0300	-0.0197
3.0500	-0.0245
3.0700	-0.0276
3.0900	-0.0313
3.1100	-0.0308
3.1300	-0.0304
3.1500	-0.0257
3.1700	-0.0198
3.1900	-0.0134
3.2100	-0.0075
3.2300	-0.0006
3.2500	0.0077
3.2700	0.0139
3.2900	0.0201
3.3100	0.0238
3.3300	0.0256
3.3500	0.0256
3.3700	0.0252
3.3900	0.0211
3.4100	0.0180
3.4300	0.0111
3.4500	0.0037
3.4700	-0.0037
3.4900	-0.0110
3.5100	-0.0187
3.5300	-0.0251
3.5500	-0.0276
3.5700	-0.0332
3.5900	-0.0329
3.6100	-0.0322
3.6300	-0.0311
3.6500	-0.0283
3.6700	-0.0230
3.6900	-0.0165
3.7100	-0.0104
3.7300	-0.0037
3.7500	0.0009
3.7700	0.0074
3.7900	0.0125
3.8100	0.0141
3.8300	0.0157
3.8500	0.0162
3.8700	0.0132
3.8900	0.0102
3.9100	0.0041
3.9300	-0.0015
3.9500	-0.0073
3.9700	-0.0152
3.9900	-0.0219
4.0100	-0.0289
4.0300	-0.0349
4.0500	-0.0384
4.0700	-0.0416
4.0900	-0.0412
4.1100	-0.0437
4.1300	-0.0410
4.1500	-0.0361
4.1700	-0.0314
4.1900	-0.0265
4.2100	-0.0204
4.2300	-0.0162
4.2500	-0.0102
4.2700	-0.0054
4.2900	-0.0015
4.3100	0.0009
4.3300	0.0012
4.3500	-0.0030
4.3700	-0.0048
4.3900	-0.0115
4.4100	-0.0169
4.4300	-0.0234
4.4500	-0.0296
4.4700	-0.0364
4.4900	-0.0449
4.5100	-0.0505
4.5300	-0.0543
4.5500	-0.0571
4.5700	-0.0584
4.5900	-0.0555
4.6100	-0.0542
4.6300	-0.0497
4.6500	-0.0438
4.6700	-0.0366
4.6900	-0.0300
4.7100	-0.0213
4.7300	-0.0134
4.7500	-0.0055
4.7700	0.0021
4.7900	0.0076
4.8100	0.0128
4.8300	0.0132
4.8500	0.0141
4.8700	0.0140
4.8900	0.0104
4.9100	0.0057
4.9300	0.0021
4.9500	-0.0030
4.9700	-0.0073
4.9900	-0.0111
5.0100	-0.0884
5.0300	0.0000
5.0500	0.0000
5.0700	0.0000
5.0900	0.0000
5.1100	0.0000
5.1300	0.0000
5.1500	0.0000
5.1700	0.0000
5.1900	0.0000
5.2100	0.0000
5.2300	0.0000
5.2500	0.0000
5.2700	0.0000
5.2900	0.0000
5.3100	0.0000
5.3300	0.0000
5.3500	0.0000
5.3700	0.0000
5.3900	0.0000
5.4100	0.0000
5.4300	0.0000
5.4500	0.0000
5.4700	0.0000
5.4900	0.0000
5.5100	0.0000
5.5300	0.0000
5.5500	0.0000
5.5700	0.0000
5.5900	0.0000
5.6100	0.0000
5.6300	0.0000
5.6500	0.0000
5.6700	0.0000
5.6900	0.0000
5.7100	0.0000
5.7300	0.0000
5.7500	0.0000
5.7700	0.0000
5.7900	0.0000
5.8100	0.0000
5.8300	0.0000
5.8500	0.0000
5.8700	0.0000
5.8900	0.0000
5.9100	0.0000
5.9300	0.0000
5.9500	0.0000
5.9700	0.0000
5.9900	0.0000
