# r		V(r)
0.0100	13.7309
0.0300	10.2715
0.0500	9.6896
0.0700	9.1029
0.0900	8.2817
0.1100	7.7837
0.1300	6.9594
0.1500	6.5165
0.1700	5.9734
0.1900	5.4904
0.2100	4.9951
0.2300	4.5479
0.2500	4.1573
0.2700	3.7491
0.2900	3.3946
0.3100	3.0452
0.3300	2.7246
0.3500	2.4235
0.3700	2.1452
0.3900	1.8964
0.4100	1.6446
0.4300	1.4147
0.4500	1.1987
0.4700	0.9986
0.4900	0.8140
0.5100	0.6389
0.5300	0.4818
0.5500	0.3460
0.5700	0.2275
0.5900	0.1306
0.6100	0.0505
0.6300	-0.0026
0.6500	-0.0358
0.6700	-0.0479
0.6900	-0.0403
0.7100	-0.0176
0.7300	0.0177
0.7500	0.0631
0.7700	0.1131
0.7900	0.1685
0.8100	0.2203
0.8300	0.2653
0.8500	0.2989
0.8700	0.3273
0.8900	0.3351
0.9100	0.3290
0.9300	0.3123
0.9500	0.2857
0.9700	0.2462
0.9900	0.2070
1.0100	0.1630
1.0300	0.1137
1.0500	0.0692
1.0700	0.0262
1.0900	-0.0117
1.1100	-0.0407
1.1300	-0.0623
1.1500	-0.0747
1.1700	-0.0815
1.1900	-0.0761
1.2100	-0.0676
1.2300	-0.0496
1.2500	-0.0277
1.2700	0.0005
1.2900	0.0259
1.3100	0.0497
1.3300	0.0755
1.3500	0.0937
1.3700	0.1059
1.3900	0.1120
1.4100	0.1111
1.4300	0.1028
1.4500	0.0881
1.4700	0.0712
1.4900	0.0484
1.5100	0.0233
1.5300	-0.0013
1.5500	-0.0238
1.5700	-0.0475
1.5900	-0.0648
1.6100	-0.0803
1.6300	-0.0918
1.6500	-0.0965
1.6700	-0.0991
1.6900	-0.0956
1.7100	-0.0882
1.7300	-0.0732
1.7500	-0.0562
1.7700	-0.0407
1.7900	-0.0241
1.8100	-0.0053
1.8300	0.0094
1.8500	0.0207
1.8700	0.0293
1.8900	0.0352
1.9100	0.0322
1.9300	0.0285
1.9500	0.0203
1.9700	0.0079
1.9900	-0.0057
2.0100	-0.0218
2.0300	-0.0351
2.0500	-0.0507
2.0700	-0.0660
2.0900	-0.0774
2.1100	-0.0864
2.1300	-0.0929
2.1500	-0.0960
2.1700	-0.0957
2.1900	-0.0918
2.2100	-0.0848
2.2300	-0.0768
2.2500	-0.0659
2.2700	-0.0557
2.2900	-0.0435
2.3100	-0.0325
2.3300	-0.0236
2.3500	-0.0152
2.3700	-0.0090
2.3900	-0.0085
2.4100	-0.0083
2.4300	-0.0122
2.4500	-0.0193
2.4700	-0.0277
2.4900	-0.0388
2.5100	-0.0473
2.5300	-0.0568
2.5500	-0.0688
2.5700	-0.0785
2.5900	-0.0849
2.6100	-0.0929
2.6300	-0.0945
2.6500	-0.0936
2.6700	-0.0915
2.6900	-0.0878
2.7100	-0.0819
2.7300	-0.0735
2.7500	-0.0638
2.7700	-0.0555
2.7900	-0.0447
2.8100	-0.0362
2.8300	-0.0271
2.8500	-0.0250
2.8700	-0.0222
2.8900	-0.0205
2.9100	-0.0223
2.9300	-0.0258
2.9500	-0.0314
2.9700	-0.0392
2.9900	-0.0474
3.0100	-0.0562
3.0300	-0.0631
3.0500	-0.0718
3.0700	-0.0786
3.0900	-0.0830
3.1100	-0.0881
3.1300	-0.0893
3.1500	-0.0898
3.1700	-0.0863
3.1900	-0.0819
3.2100	-0.0747
3.2300	-0.0675
3.2500	-0.0596
3.2700	-0.0541
3.2900	-0.0456
3.3100	-0.0373
3.3300	-0.0330
3.3500	-0.0316
3.3700	-0.0286
3.3900	-0.0295
3.4100	-0.0301
3.4300	-0.0342
3.4500	-0.0409
3.4700	-0.0470
3.4900	-0.0543
3.5100	-0.0609
3.5300	-0.0694
3.5500	-0.0740
3.5700	-0.0802
3.5900	-0.0814
3.6100	-0.0830
3.6300	-0.0858
3.6500	-0.0853
3.6700	-0.0804
3.6900	-0.0762
3.7100	-0.0687
3.7300	-0.0640
3.7500	-0.0557
3.7700	-0.0488
3.7900	-0.0411
3.8100	-0.0362
3.8300	-0.0334
3.8500	-0.0303
3.8700	-0.0294
3.8900	-0.0310
3.9100	-0.0333
3.9300	-0.0396
3.9500	-0.0443
3.9700	-0.0506
3.9900	-0.0564
4.0100	-0.0632
4.0300	-0.0679
4.0500	-0.0729
4.0700	-0.0786
4.0900	-0.0797
4.1100	-0.0811
4.1300	-0.0795
4.1500	-0.0766
4.1700	-0.0732
4.1900	-0.0678
4.2100	-0.0617
4.2300	-0.0546
4.2500	-0.0501
4.2700	-0.0435
4.2900	-0.0374
4.3100	-0.0344
4.3300	-0.0312
4.3500	-0.0301
4.3700	-0.0311
4.3900	-0.0344
4.4100	-0.0373
4.4300	-0.0431
4.4500	-0.0490
4.4700	-0.0540
4.4900	-0.0604
4.5100	-0.0665
4.5300	-0.0696
4.5500	-0.0726
4.5700	-0.0739
4.5900	-0.0738
4.6100	-0.0725
4.6300	-0.0681
4.6500	-0.0629
4.6700	-0.0554
4.6900	-0.0473
4.7100	-0.0406
4.7300	-0.0314
4.7500	-0.0209
4.7700	-0.0140
4.7900	-0.0079
4.8100	-0.0023
4.8300	0.0018
4.8500	0.0051
4.8700	0.0052
4.8900	0.0049
4.9100	0.0032
4.9300	-0.0021
4.9500	-0.0052
4.9700	-0.0095
4.9900	-0.0143
5.0100	-0.0727
5.0300	0.0000
5.0500	0.0000
5.0700	0.0000
5.0900	0.0000
5.1100	0.0000
5.1300	0.0000
5.1500	0.0000
5.1700	0.0000
5.1900	0.0000
5.2100	0.0000
5.2300	0.0000
5.2500	0.0000
5.2700	0.0000
5.2900	0.0000
5.3100	0.0000
5.3300	0.0000
5.3500	0.0000
5.3700	0.0000
5.3900	0.0000
5.4100	0.0000
5.4300	0.0000
5.4500	0.0000
5.4700	0.0000
5.4900	0.0000
5.5100	0.0000
5.5300	0.0000
5.5500	0.0000
5.5700	0.0000
5.5900	0.0000
5.6100	0.0000
5.6300	0.0000
5.6500	0.0000
5.6700	0.0000
5.6900	0.0000
5.7100	0.0000
5.7300	0.0000
5.7500	0.0000
5.7700	0.0000
5.7900	0.0000
5.8100	0.0000
5.8300	0.0000
5.8500	0.0000
5.8700	0.0000
5.8900	0.0000
5.9100	0.0000
5.9300	0.0000
5.9500	0.0000
5.9700	0.0000
5.9900	0.0000
