# r		V(r)
0.0100	13.7309
0.0300	10.0440
0.0500	8.9631
0.0700	8.7256
0.0900	7.6836
0.1100	7.3887
0.1300	6.5053
0.1500	5.9736
0.1700	5.5337
0.1900	5.1716
0.2100	4.6858
0.2300	4.3019
0.2500	3.9660
0.2700	3.5447
0.2900	3.1996
0.3100	2.8586
0.3300	2.5752
0.3500	2.2769
0.3700	2.0024
0.3900	1.7543
0.4100	1.5174
0.4300	1.2904
0.4500	1.0740
0.4700	0.8818
0.4900	0.7020
0.5100	0.5319
0.5300	0.3840
0.5500	0.2511
0.5700	0.1436
0.5900	0.0501
0.6100	-0.0229
0.6300	-0.0747
0.6500	-0.0982
0.6700	-0.1094
0.6900	-0.0949
0.7100	-0.0589
0.7300	-0.0287
0.7500	0.0214
0.7700	0.0753
0.7900	0.1286
0.8100	0.1846
0.8300	0.2234
0.8500	0.2574
0.8700	0.2792
0.8900	0.2903
0.9100	0.2796
0.9300	0.2604
0.9500	0.2328
0.9700	0.1938
0.9900	0.1522
1.0100	0.1017
1.0300	0.0589
1.0500	0.0129
1.0700	-0.0353
1.0900	-0.0655
1.1100	-0.0918
1.1300	-0.1050
1.1500	-0.1220
1.1700	-0.1190
1.1900	-0.1105
1.2100	-0.0978
1.2300	-0.0785
1.2500	-0.0507
1.2700	-0.0206
1.2900	0.0056
1.3100	0.0320
1.3300	0.0614
1.3500	0.0819
1.3700	0.0900
1.3900	0.1000
1.4100	0.0975
1.4300	0.0866
1.4500	0.0735
1.4700	0.0531
1.4900	0.0279
1.5100	0.0072
1.5300	-0.0187
1.5500	-0.0435
1.5700	-0.0706
1.5900	-0.0812
1.6100	-0.0950
1.6300	-0.1063
1.6500	-0.1087
1.6700	-0.1091
1.6900	-0.0986
1.7100	-0.0919
1.7300	-0.0758
1.7500	-0.0575
1.7700	-0.0349
1.7900	-0.0167
1.8100	0.0033
1.8300	0.0171
1.8500	0.0320
1.8700	0.0390
1.8900	0.0448
1.9100	0.0433
1.9300	0.0395
1.9500	0.0275
1.9700	0.0128
1.9900	0.0070
2.0100	-0.0162
2.0300	-0.0257
2.0500	-0.0364
2.0700	-0.0485
2.0900	-0.0589
2.1100	-0.0667
2.1300	-0.0734
2.1500	-0.0749
2.1700	-0.0744
2.1900	-0.0736
2.2100	-0.0686
2.2300	-0.0576
2.2500	-0.0532
2.2700	-0.0413
2.2900	-0.0315
2.3100	-0.0233
2.3300	-0.0173
2.3500	-0.0097
2.3700	-0.0035
2.3900	-0.0052
2.4100	-0.0050
2.4300	-0.0058
2.4500	-0.0138
2.4700	-0.0211
2.4900	-0.0269
2.5100	-0.0397
2.5300	-0.0437
2.5500	-0.0519
2.5700	-0.0589
2.5900	-0.0640
2.6100	-0.0669
2.6300	-0.0728
2.6500	-0.0739
2.6700	-0.0683
2.6900	-0.0670
2.7100	-0.0638
2.7300	-0.0520
2.7500	-0.0447
2.7700	-0.0388
2.7900	-0.0276
2.8100	-0.0211
2.8300	-0.0165
2.8500	-0.0145
2.8700	-0.0101
2.8900	-0.0126
2.9100	-0.0106
2.9300	-0.0163
2.9500	-0.0204
2.9700	-0.0281
2.9900	-0.0326
3.0100	-0.0422
3.0300	-0.0479
3.0500	-0.0554
3.0700	-0.0628
3.0900	-0.0646
3.1100	-0.0690
3.1300	-0.0671
3.1500	-0.0686
3.1700	-0.0649
3.1900	-0.0616
3.2100	-0.0535
3.2300	-0.0496
3.2500	-0.0420
3.2700	-0.0379
3.2900	-0.0314
3.3100	-0.0232
3.3300	-0.0242
3.3500	-0.0204
3.3700	-0.0179
3.3900	-0.0213
3.4100	-0.0201
3.4300	-0.0254
3.4500	-0.0283
3.4700	-0.0359
3.4900	-0.0434
3.5100	-0.0488
3.5300	-0.0564
3.5500	-0.0627
3.5700	-0.0648
3.5900	-0.0671
3.6100	-0.0702
3.6300	-0.0695
3.6500	-0.0712
3.6700	-0.0647
3.6900	-0.0582
3.7100	-0.0551
3.7300	-0.0501
3.7500	-0.0424
3.7700	-0.0384
3.7900	-0.0312
3.8100	-0.0273
3.8300	-0.0236
3.8500	-0.0205
3.8700	-0.0220
3.8900	-0.0225
3.9100	-0.0253
3.9300	-0.0323
3.9500	-0.0359
3.9700	-0.0407
3.9900	-0.0480
4.0100	-0.0546
4.0300	-0.0593
4.0500	-0.0622
4.0700	-0.0669
4.0900	-0.0693
4.1100	-0.0695
4.1300	-0.0656
4.1500	-0.0655
4.1700	-0.0607
4.1900	-0.0566
4.2100	-0.0500
4.2300	-0.0456
4.2500	-0.0408
4.2700	-0.0349
4.2900	-0.0318
4.3100	-0.0275
4.3300	-0.0254
4.3500	-0.0238
4.3700	-0.0243
4.3900	-0.0263
4.4100	-0.0278
4.4300	-0.0345
4.4500	-0.0393
4.4700	-0.0446
4.4900	-0.0518
4.5100	-0.0554
4.5300	-0.0579
4.5500	-0.0602
4.5700	-0.0625
4.5900	-0.0610
4.6100	-0.0605
4.6300	-0.0595
4.6500	-0.0539
4.6700	-0.0471
4.6900	-0.0390
4.7100	-0.0308
4.7300	-0.0258
4.7500	-0.0168
4.7700	-0.0098
4.7900	-0.0060
4.8100	-0.0019
4.8300	0.0028
4.8500	0.0078
4.8700	0.0057
4.8900	0.0050
4.9100	0.0026
4.9300	0.0000
4.9500	-0.0045
4.9700	-0.0091
4.9900	-0.0148
5.0100	-0.0404
5.0300	0.0000
5.0500	0.0000
5.0700	0.0000
5.0900	0.0000
5.1100	0.0000
5.1300	0.0000
5.1500	0.0000
5.1700	0.0000
5.1900	0.0000
5.2100	0.0000
5.2300	0.0000
5.2500	0.0000
5.2700	0.0000
5.2900	0.0000
5.3100	0.0000
5.3300	0.0000
5.3500	0.0000
5.3700	0.0000
5.3900	0.0000
5.4100	0.0000
5.4300	0.0000
5.4500	0.0000
5.4700	0.0000
5.4900	0.0000
5.5100	0.0000
5.5300	0.0000
5.5500	0.0000
5.5700	0.0000
5.5900	0.0000
5.6100	0.0000
5.6300	0.0000
5.6500	0.0000
5.6700	0.0000
5.6900	0.0000
5.7100	0.0000
5.7300	0.0000
5.7500	0.0000
5.7700	0.0000
5.7900	0.0000
5.8100	0.0000
5.8300	0.0000
5.8500	0.0000
5.8700	0.0000
5.8900	0.0000
5.9100	0.0000
5.9300	0.0000
5.9500	0.0000
5.9700	0.0000
5.9900	0.0000
