# r		V(r)
0.0100	13.7309
0.0300	9.9435
0.0500	8.6060
0.0700	7.2168
0.0900	6.8124
0.1100	6.1370
0.1300	5.5485
0.1500	5.1310
0.1700	4.5189
0.1900	4.3095
0.2100	3.8807
0.2300	3.6234
0.2500	3.2790
0.2700	2.9355
0.2900	2.6622
0.3100	2.3660
0.3300	2.0946
0.3500	1.8514
0.3700	1.5787
0.3900	1.3602
0.4100	1.1291
0.4300	0.9133
0.4500	0.7075
0.4700	0.5112
0.4900	0.3248
0.5100	0.1672
0.5300	0.0361
0.5500	-0.0864
0.5700	-0.1808
0.5900	-0.2513
0.6100	-0.2952
0.6300	-0.3154
0.6500	-0.3114
0.6700	-0.2872
0.6900	-0.2322
0.7100	-0.1771
0.7300	-0.1108
0.7500	-0.0323
0.7700	0.0360
0.7900	0.0993
0.8100	0.1805
0.8300	0.2271
0.8500	0.2553
0.8700	0.2759
0.8900	0.2722
0.9100	0.2550
0.9300	0.2295
0.9500	0.1849
0.9700	0.1294
0.9900	0.0738
1.0100	0.0192
1.0300	-0.0361
1.0500	-0.0837
1.0700	-0.1288
1.0900	-0.1527
1.1100	-0.1741
1.1300	-0.1762
1.1500	-0.1792
1.1700	-0.1620
1.1900	-0.1458
1.2100	-0.1064
1.2300	-0.0663
1.2500	-0.0218
1.2700	0.0120
1.2900	0.0491
1.3100	0.0865
1.3300	0.1159
1.3500	0.1467
1.3700	0.1487
1.3900	0.1523
1.4100	0.1503
1.4300	0.1198
1.4500	0.0996
1.4700	0.0689
1.4900	0.0342
1.5100	0.0015
1.5300	-0.0373
1.5500	-0.0617
1.5700	-0.0855
1.5900	-0.1063
1.6100	-0.1226
1.6300	-0.1265
1.6500	-0.1243
1.6700	-0.1097
1.6900	-0.0907
1.7100	-0.0725
1.7300	-0.0462
1.7500	-0.0180
1.7700	0.0129
1.7900	0.0372
1.8100	0.0585
1.8300	0.0868
1.8500	0.0998
1.8700	0.1073
1.8900	0.1054
1.9100	0.1035
1.9300	0.0858
1.9500	0.0654
1.9700	0.0450
1.9900	0.0204
2.0100	-0.0074
2.0300	0.0034
2.0500	-0.0007
2.0700	-0.0052
2.0900	-0.0100
2.1100	-0.0074
2.1300	-0.0084
2.1500	-0.0126
2.1700	-0.0045
2.1900	-0.0067
2.2100	-0.0042
2.2300	-0.0076
2.2500	-0.0049
2.2700	-0.0063
2.2900	-0.0001
2.3100	-0.0002
2.3300	0.0014
2.3500	0.0013
2.3700	0.0016
2.3900	0.0026
2.4100	0.0053
2.4300	0.0005
2.4500	0.0041
2.4700	-0.0017
2.4900	-0.0013
2.5100	-0.0036
2.5300	-0.0062
2.5500	-0.0044
2.5700	-0.0019
2.5900	-0.0065
2.6100	-0.0031
2.6300	-0.0054
2.6500	-0.0065
2.6700	-0.0077
2.6900	-0.0077
2.7100	-0.0049
2.7300	-0.0002
2.7500	-0.0038
2.7700	-0.0039
2.7900	-0.0044
2.8100	0.0045
2.8300	0.0021
2.8500	-0.0006
2.8700	-0.0024
2.8900	-0.0010
2.9100	-0.0014
2.9300	-0.0032
2.9500	0.0004
2.9700	-0.0038
2.9900	-0.0057
3.0100	-0.0039
3.0300	-0.0008
3.0500	-0.0074
3.0700	-0.0066
3.0900	-0.0081
3.1100	-0.0078
3.1300	-0.0073
3.1500	-0.0099
3.1700	-0.0060
3.1900	-0.0049
3.2100	-0.0056
3.2300	0.0001
3.2500	-0.0030
3.2700	-0.0030
3.2900	-0.0019
3.3100	0.0022
3.3300	0.0018
3.3500	0.0002
3.3700	0.0050
3.3900	0.0022
3.4100	0.0002
3.4300	0.0004
3.4500	-0.0022
3.4700	-0.0038
3.4900	-0.0062
3.5100	0.0000
3.5300	-0.0051
3.5500	-0.0058
3.5700	-0.0078
3.5900	-0.0015
3.6100	-0.0094
3.6300	-0.0029
3.6500	-0.0053
3.6700	-0.0091
3.6900	-0.0035
3.7100	-0.0028
3.7300	-0.0072
3.7500	-0.0023
3.7700	-0.0030
3.7900	-0.0035
3.8100	-0.0021
3.8300	0.0003
3.8500	0.0023
3.8700	0.0013
3.8900	0.0003
3.9100	-0.0009
3.9300	-0.0055
3.9500	-0.0013
3.9700	-0.0008
3.9900	-0.0052
4.0100	-0.0044
4.0300	-0.0054
4.0500	-0.0032
4.0700	-0.0082
4.0900	-0.0075
4.1100	-0.0091
4.1300	-0.0068
4.1500	-0.0080
4.1700	-0.0060
4.1900	-0.0072
4.2100	-0.0041
4.2300	-0.0073
4.2500	-0.0053
4.2700	-0.0028
4.2900	-0.0027
4.3100	-0.0023
4.3300	-0.0028
4.3500	-0.0026
4.3700	0.0010
4.3900	-0.0041
4.4100	-0.0032
4.4300	-0.0053
4.4500	-0.0040
4.4700	-0.0050
4.4900	-0.0056
4.5100	-0.0106
4.5300	-0.0049
4.5500	-0.0055
4.5700	-0.0073
4.5900	-0.0071
4.6100	-0.0058
4.6300	-0.0078
4.6500	-0.0064
4.6700	-0.0035
4.6900	-0.0049
4.7100	-0.0060
4.7300	-0.0001
4.7500	-0.0011
4.7700	0.0000
4.7900	0.0010
4.8100	0.0005
4.8300	0.0039
4.8500	0.0004
4.8700	0.0034
4.8900	-0.0005
4.9100	0.0042
4.9300	0.0018
4.9500	0.0007
4.9700	-0.0017
4.9900	-0.0005
5.0100	-0.0032
5.0300	0.0000
5.0500	0.0000
5.0700	0.0000
5.0900	0.0000
5.1100	0.0000
5.1300	0.0000
5.1500	0.0000
5.1700	0.0000
5.1900	0.0000
5.2100	0.0000
5.2300	0.0000
5.2500	0.0000
5.2700	0.0000
5.2900	0.0000
5.3100	0.0000
5.3300	0.0000
5.3500	0.0000
5.3700	0.0000
5.3900	0.0000
5.4100	0.0000
5.4300	0.0000
5.4500	0.0000
5.4700	0.0000
5.4900	0.0000
5.5100	0.0000
5.5300	0.0000
5.5500	0.0000
5.5700	0.0000
5.5900	0.0000
5.6100	0.0000
5.6300	0.0000
5.6500	0.0000
5.6700	0.0000
5.6900	0.0000
5.7100	0.0000
5.7300	0.0000
5.7500	0.0000
5.7700	0.0000
5.7900	0.0000
5.8100	0.0000
5.8300	0.0000
5.8500	0.0000
5.8700	0.0000
5.8900	0.0000
5.9100	0.0000
5.9300	0.0000
5.9500	0.0000
5.9700	0.0000
5.9900	0.0000
