# r		V(r)
0.0100	1.6622
0.0300	1.6505
0.0500	1.5700
0.0700	1.5255
0.0900	1.4291
0.1100	1.3279
0.1300	1.2085
0.1500	1.0816
0.1700	0.9472
0.1900	0.8139
0.2100	0.6612
0.2300	0.5275
0.2500	0.3873
0.2700	0.2577
0.2900	0.1316
0.3100	0.0201
0.3300	-0.0854
0.3500	-0.1884
0.3700	-0.2764
0.3900	-0.3580
0.4100	-0.4308
0.4300	-0.5047
0.4500	-0.5671
0.4700	-0.6183
0.4900	-0.6716
0.5100	-0.7051
0.5300	-0.7359
0.5500	-0.7553
0.5700	-0.7608
0.5900	-0.7529
0.6100	-0.7262
0.6300	-0.6915
0.6500	-0.6408
0.6700	-0.5838
0.6900	-0.5158
0.7100	-0.4460
0.7300	-0.3775
0.7500	-0.3070
0.7700	-0.2550
0.7900	-0.2067
0.8100	-0.1727
0.8300	-0.1475
0.8500	-0.1327
0.8700	-0.1326
0.8900	-0.1318
0.9100	-0.1419
0.9300	-0.1561
0.9500	-0.1714
0.9700	-0.1884
0.9900	-0.2016
1.0100	-0.2196
1.0300	-0.2317
1.0500	-0.2423
1.0700	-0.2475
1.0900	-0.2467
1.1100	-0.2427
1.1300	-0.2303
1.1500	-0.2161
1.1700	-0.1932
1.1900	-0.1683
1.2100	-0.1412
1.2300	-0.1126
1.2500	-0.0846
1.2700	-0.0563
1.2900	-0.0379
1.3100	-0.0146
1.3300	-0.0078
1.3500	-0.0001
1.3700	0.0022
1.3900	-0.0050
1.4100	-0.0101
1.4300	-0.0224
1.4500	-0.0345
1.4700	-0.0477
1.4900	-0.0636
1.5100	-0.0775
1.5300	-0.0879
1.5500	-0.0978
1.5700	-0.1036
1.5900	-0.1085
1.6100	-0.1069
1.6300	-0.1034
1.6500	-0.0942
1.6700	-0.0832
1.6900	-0.0700
1.7100	-0.0534
1.7300	-0.0350
1.7500	-0.0201
1.7700	-0.0036
1.7900	0.0097
1.8100	0.0224
1.8300	0.0275
1.8500	0.0346
1.8700	0.0338
1.8900	0.0300
1.9100	0.0248
1.9300	0.0165
1.9500	0.0055
1.9700	-0.0048
1.9900	-0.0164
2.0100	-0.0261
2.0300	-0.0358
2.0500	-0.0466
2.0700	-0.0494
2.0900	-0.0527
2.1100	-0.0537
2.1300	-0.0504
2.1500	-0.0494
2.1700	-0.0418
2.1900	-0.0316
2.2100	-0.0224
2.2300	-0.0116
2.2500	-0.0013
2.2700	0.0095
2.2900	0.0179
2.3100	0.0252
2.3300	0.0298
2.3500	0.0324
2.3700	0.0303
2.3900	0.0283
2.4100	0.0211
2.4300	0.0147
2.4500	0.0072
2.4700	-0.0016
2.4900	-0.0101
2.5100	-0.0186
2.5300	-0.0270
2.5500	-0.0331
2.5700	-0.0381
2.5900	-0.0405
2.6100	-0.0402
2.6300	-0.0391
2.6500	-0.0338
2.6700	-0.0286
2.6900	-0.0207
2.7100	-0.0143
2.7300	-0.0056
2.7500	0.0048
2.7700	0.0136
2.7900	0.0204
2.8100	0.0257
2.8300	0.0293
2.8500	0.0295
2.8700	0.0295
2.8900	0.0265
2.9100	0.0222
2.9300	0.0152
2.9500	0.0085
2.9700	-0.0004
2.9900	-0.0076
3.0100	-0.0144
3.0300	-0.0234
3.0500	-0.0272
3.0700	-0.0310
3.0900	-0.0323
3.1100	-0.0329
3.1300	-0.0334
3.1500	-0.0277
3.1700	-0.0220
3.1900	-0.0170
3.2100	-0.0099
3.2300	-0.0026
3.2500	0.0060
3.2700	0.0112
3.2900	0.0175
3.3100	0.0212
3.3300	0.0238
3.3500	0.0244
3.3700	0.0225
3.3900	0.0203
3.4100	0.0152
3.4300	0.0081
3.4500	0.0018
3.4700	-0.0050
3.4900	-0.0137
3.5100	-0.0187
3.5300	-0.0247
3.5500	-0.0301
3.5700	-0.0327
3.5900	-0.0335
3.6100	-0.0337
3.6300	-0.0319
3.6500	-0.0295
3.6700	-0.0235
3.6900	-0.0180
3.7100	-0.0113
3.7300	-0.0048
3.7500	0.0000
3.7700	0.0058
3.7900	0.0113
3.8100	0.0144
3.8300	0.0169
3.8500	0.0158
3.8700	0.0130
3.8900	0.0107
3.9100	0.0049
3.9300	-0.0010
3.9500	-0.0085
3.9700	-0.0148
3.9900	-0.0216
4.0100	-0.0276
4.0300	-0.0339
4.0500	-0.0366
4.0700	-0.0408
4.0900	-0.0410
4.1100	-0.0420
4.1300	-0.0395
4.1500	-0.0350
4.1700	-0.0309
4.1900	-0.0261
4.2100	-0.0188
4.2300	-0.0146
4.2500	-0.0100
4.2700	-0.0043
4.2900	-0.0012
4.3100	0.0004
4.3300	0.0001
4.3500	-0.0002
4.3700	-0.0033
4.3900	-0.0087
4.4100	-0.0148
4.4300	-0.0195
4.4500	-0.0254
4.4700	-0.0337
4.4900	-0.0407
4.5100	-0.0463
4.5300	-0.0508
4.5500	-0.0538
4.5700	-0.0542
4.5900	-0.0527
4.6100	-0.0505
4.6300	-0.0465
4.6500	-0.0405
4.6700	-0.0344
4.6900	-0.0272
4.7100	-0.0199
4.7300	-0.0114
4.7500	-0.0044
4.7700	0.0024
4.7900	0.0087
4.8100	0.0127
4.8300	0.0145
4.8500	0.0146
4.8700	0.0147
4.8900	0.0122
4.9100	0.0084
4.9300	0.0030
4.9500	-0.0016
4.9700	-0.0052
4.9900	-0.0109
5.0100	-0.0646
5.0300	0.0000
5.0500	0.0000
5.0700	0.0000
5.0900	0.0000
5.1100	0.0000
5.1300	0.0000
5.1500	0.0000
5.1700	0.0000
5.1900	0.0000
5.2100	0.0000
5.2300	0.0000
5.2500	0.0000
5.2700	0.0000
5.2900	0.0000
5.3100	0.0000
5.3300	0.0000
5.3500	0.0000
5.3700	0.0000
5.3900	0.0000
5.4100	0.0000
5.4300	0.0000
5.4500	0.0000
5.4700	0.0000
5.4900	0.0000
5.5100	0.0000
5.5300	0.0000
5.5500	0.0000
5.5700	0.0000
5.5900	0.0000
5.6100	0.0000
5.6300	0.0000
5.6500	0.0000
5.6700	0.0000
5.6900	0.0000
5.7100	0.0000
5.7300	0.0000
5.7500	0.0000
5.7700	0.0000
5.7900	0.0000
5.8100	0.0000
5.8300	0.0000
5.8500	0.0000
5.8700	0.0000
5.8900	0.0000
5.9100	0.0000
5.9300	0.0000
5.9500	0.0000
5.9700	0.0000
5.9900	0.0000
