# r		V(r)
0.0100	13.7309
0.0300	10.2715
0.0500	9.6896
0.0700	9.1029
0.0900	8.2895
0.1100	7.8248
0.1300	6.9656
0.1500	6.5222
0.1700	5.9752
0.1900	5.4801
0.2100	5.0025
0.2300	4.5540
0.2500	4.1720
0.2700	3.7548
0.2900	3.4037
0.3100	3.0504
0.3300	2.7293
0.3500	2.4278
0.3700	2.1515
0.3900	1.8997
0.4100	1.6442
0.4300	1.4170
0.4500	1.2026
0.4700	1.0011
0.4900	0.8182
0.5100	0.6418
0.5300	0.4842
0.5500	0.3486
0.5700	0.2287
0.5900	0.1332
0.6100	0.0528
0.6300	0.0001
0.6500	-0.0328
0.6700	-0.0460
0.6900	-0.0378
0.7100	-0.0150
0.7300	0.0196
0.7500	0.0646
0.7700	0.1151
0.7900	0.1709
0.8100	0.2232
0.8300	0.2668
0.8500	0.3016
0.8700	0.3289
0.8900	0.3371
0.9100	0.3312
0.9300	0.3145
0.9500	0.2878
0.9700	0.2488
0.9900	0.2095
1.0100	0.1658
1.0300	0.1163
1.0500	0.0720
1.0700	0.0287
1.0900	-0.0082
1.1100	-0.0383
1.1300	-0.0598
1.1500	-0.0716
1.1700	-0.0794
1.1900	-0.0739
1.2100	-0.0648
1.2300	-0.0470
1.2500	-0.0255
1.2700	0.0024
1.2900	0.0277
1.3100	0.0511
1.3300	0.0776
1.3500	0.0954
1.3700	0.1079
1.3900	0.1142
1.4100	0.1132
1.4300	0.1045
1.4500	0.0893
1.4700	0.0712
1.4900	0.0502
1.5100	0.0246
1.5300	0.0008
1.5500	-0.0225
1.5700	-0.0465
1.5900	-0.0640
1.6100	-0.0795
1.6300	-0.0904
1.6500	-0.0959
1.6700	-0.0985
1.6900	-0.0949
1.7100	-0.0874
1.7300	-0.0727
1.7500	-0.0565
1.7700	-0.0404
1.7900	-0.0240
1.8100	-0.0053
1.8300	0.0100
1.8500	0.0204
1.8700	0.0287
1.8900	0.0345
1.9100	0.0324
1.9300	0.0289
1.9500	0.0205
1.9700	0.0086
1.9900	-0.0057
2.0100	-0.0219
2.0300	-0.0351
2.0500	-0.0510
2.0700	-0.0661
2.0900	-0.0779
2.1100	-0.0868
2.1300	-0.0935
2.1500	-0.0956
2.1700	-0.0959
2.1900	-0.0919
2.2100	-0.0853
2.2300	-0.0777
2.2500	-0.0658
2.2700	-0.0558
2.2900	-0.0440
2.3100	-0.0320
2.3300	-0.0243
2.3500	-0.0151
2.3700	-0.0092
2.3900	-0.0084
2.4100	-0.0079
2.4300	-0.0129
2.4500	-0.0193
2.4700	-0.0276
2.4900	-0.0387
2.5100	-0.0475
2.5300	-0.0576
2.5500	-0.0692
2.5700	-0.0787
2.5900	-0.0849
2.6100	-0.0933
2.6300	-0.0947
2.6500	-0.0942
2.6700	-0.0915
2.6900	-0.0881
2.7100	-0.0819
2.7300	-0.0741
2.7500	-0.0640
2.7700	-0.0553
2.7900	-0.0448
2.8100	-0.0362
2.8300	-0.0276
2.8500	-0.0252
2.8700	-0.0221
2.8900	-0.0204
2.9100	-0.0223
2.9300	-0.0257
2.9500	-0.0310
2.9700	-0.0394
2.9900	-0.0470
3.0100	-0.0561
3.0300	-0.0633
3.0500	-0.0716
3.0700	-0.0790
3.0900	-0.0830
3.1100	-0.0885
3.1300	-0.0898
3.1500	-0.0901
3.1700	-0.0867
3.1900	-0.0820
3.2100	-0.0751
3.2300	-0.0679
3.2500	-0.0600
3.2700	-0.0537
3.2900	-0.0457
3.3100	-0.0378
3.3300	-0.0337
3.3500	-0.0313
3.3700	-0.0283
3.3900	-0.0300
3.4100	-0.0306
3.4300	-0.0344
3.4500	-0.0418
3.4700	-0.0472
3.4900	-0.0545
3.5100	-0.0607
3.5300	-0.0700
3.5500	-0.0745
3.5700	-0.0799
3.5900	-0.0817
3.6100	-0.0839
3.6300	-0.0862
3.6500	-0.0859
3.6700	-0.0809
3.6900	-0.0764
3.7100	-0.0691
3.7300	-0.0642
3.7500	-0.0564
3.7700	-0.0493
3.7900	-0.0414
3.8100	-0.0370
3.8300	-0.0339
3.8500	-0.0298
3.8700	-0.0301
3.8900	-0.0314
3.9100	-0.0340
3.9300	-0.0401
3.9500	-0.0450
3.9700	-0.0511
3.9900	-0.0564
4.0100	-0.0633
4.0300	-0.0680
4.0500	-0.0727
4.0700	-0.0791
4.0900	-0.0804
4.1100	-0.0816
4.1300	-0.0796
4.1500	-0.0767
4.1700	-0.0733
4.1900	-0.0675
4.2100	-0.0619
4.2300	-0.0546
4.2500	-0.0502
4.2700	-0.0438
4.2900	-0.0380
4.3100	-0.0340
4.3300	-0.0315
4.3500	-0.0301
4.3700	-0.0313
4.3900	-0.0341
4.4100	-0.0375
4.4300	-0.0438
4.4500	-0.0495
4.4700	-0.0541
4.4900	-0.0606
4.5100	-0.0667
4.5300	-0.0702
4.5500	-0.0732
4.5700	-0.0741
4.5900	-0.0741
4.6100	-0.0727
4.6300	-0.0685
4.6500	-0.0634
4.6700	-0.0556
4.6900	-0.0475
4.7100	-0.0407
4.7300	-0.0319
4.7500	-0.0209
4.7700	-0.0141
4.7900	-0.0082
4.8100	-0.0021
4.8300	0.0020
4.8500	0.0048
4.8700	0.0047
4.8900	0.0051
4.9100	0.0029
4.9300	-0.0022
4.9500	-0.0048
4.9700	-0.0100
4.9900	-0.0144
5.0100	-0.0739
5.0300	0.0000
5.0500	0.0000
5.0700	0.0000
5.0900	0.0000
5.1100	0.0000
5.1300	0.0000
5.1500	0.0000
5.1700	0.0000
5.1900	0.0000
5.2100	0.0000
5.2300	0.0000
5.2500	0.0000
5.2700	0.0000
5.2900	0.0000
5.3100	0.0000
5.3300	0.0000
5.3500	0.0000
5.3700	0.0000
5.3900	0.0000
5.4100	0.0000
5.4300	0.0000
5.4500	0.0000
5.4700	0.0000
5.4900	0.0000
5.5100	0.0000
5.5300	0.0000
5.5500	0.0000
5.5700	0.0000
5.5900	0.0000
5.6100	0.0000
5.6300	0.0000
5.6500	0.0000
5.6700	0.0000
5.6900	0.0000
5.7100	0.0000
5.7300	0.0000
5.7500	0.0000
5.7700	0.0000
5.7900	0.0000
5.8100	0.0000
5.8300	0.0000
5.8500	0.0000
5.8700	0.0000
5.8900	0.0000
5.9100	0.0000
5.9300	0.0000
5.9500	0.0000
5.9700	0.0000
5.9900	0.0000
