# r		V(r)
0.0100	1.6344
0.0300	1.5835
0.0500	1.5479
0.0700	1.4869
0.0900	1.3906
0.1100	1.2901
0.1300	1.1799
0.1500	1.0418
0.1700	0.9098
0.1900	0.7693
0.2100	0.6170
0.2300	0.4794
0.2500	0.3370
0.2700	0.2157
0.2900	0.0906
0.3100	-0.0314
0.3300	-0.1300
0.3500	-0.2306
0.3700	-0.3182
0.3900	-0.4051
0.4100	-0.4791
0.4300	-0.5486
0.4500	-0.6095
0.4700	-0.6648
0.4900	-0.7193
0.5100	-0.7577
0.5300	-0.7883
0.5500	-0.8071
0.5700	-0.8108
0.5900	-0.8042
0.6100	-0.7807
0.6300	-0.7441
0.6500	-0.6947
0.6700	-0.6358
0.6900	-0.5692
0.7100	-0.5002
0.7300	-0.4309
0.7500	-0.3664
0.7700	-0.3095
0.7900	-0.2568
0.8100	-0.2255
0.8300	-0.1970
0.8500	-0.1815
0.8700	-0.1788
0.8900	-0.1794
0.9100	-0.1817
0.9300	-0.1958
0.9500	-0.2095
0.9700	-0.2234
0.9900	-0.2384
1.0100	-0.2528
1.0300	-0.2626
1.0500	-0.2711
1.0700	-0.2762
1.0900	-0.2756
1.1100	-0.2691
1.1300	-0.2568
1.1500	-0.2403
1.1700	-0.2173
1.1900	-0.1926
1.2100	-0.1649
1.2300	-0.1363
1.2500	-0.1083
1.2700	-0.0832
1.2900	-0.0606
1.3100	-0.0435
1.3300	-0.0309
1.3500	-0.0204
1.3700	-0.0221
1.3900	-0.0254
1.4100	-0.0313
1.4300	-0.0397
1.4500	-0.0542
1.4700	-0.0661
1.4900	-0.0802
1.5100	-0.0939
1.5300	-0.1046
1.5500	-0.1134
1.5700	-0.1179
1.5900	-0.1179
1.6100	-0.1177
1.6300	-0.1131
1.6500	-0.1069
1.6700	-0.0942
1.6900	-0.0805
1.7100	-0.0637
1.7300	-0.0456
1.7500	-0.0310
1.7700	-0.0132
1.7900	-0.0010
1.8100	0.0096
1.8300	0.0183
1.8500	0.0221
1.8700	0.0236
1.8900	0.0198
1.9100	0.0134
1.9300	0.0073
1.9500	-0.0017
1.9700	-0.0144
1.9900	-0.0245
2.0100	-0.0336
2.0300	-0.0432
2.0500	-0.0512
2.0700	-0.0557
2.0900	-0.0592
2.1100	-0.0592
2.1300	-0.0555
2.1500	-0.0501
2.1700	-0.0428
2.1900	-0.0324
2.2100	-0.0221
2.2300	-0.0126
2.2500	0.0006
2.2700	0.0126
2.2900	0.0213
2.3100	0.0274
2.3300	0.0352
2.3500	0.0349
2.3700	0.0373
2.3900	0.0330
2.4100	0.0281
2.4300	0.0203
2.4500	0.0113
2.4700	0.0050
2.4900	-0.0061
2.5100	-0.0143
2.5300	-0.0222
2.5500	-0.0292
2.5700	-0.0329
2.5900	-0.0363
2.6100	-0.0361
2.6300	-0.0356
2.6500	-0.0309
2.6700	-0.0238
2.6900	-0.0180
2.7100	-0.0087
2.7300	-0.0001
2.7500	0.0108
2.7700	0.0166
2.7900	0.0245
2.8100	0.0300
2.8300	0.0358
2.8500	0.0346
2.8700	0.0344
2.8900	0.0310
2.9100	0.0262
2.9300	0.0191
2.9500	0.0122
2.9700	0.0036
2.9900	-0.0035
3.0100	-0.0118
3.0300	-0.0177
3.0500	-0.0236
3.0700	-0.0271
3.0900	-0.0297
3.1100	-0.0284
3.1300	-0.0281
3.1500	-0.0253
3.1700	-0.0188
3.1900	-0.0134
3.2100	-0.0068
3.2300	0.0029
3.2500	0.0086
3.2700	0.0157
3.2900	0.0212
3.3100	0.0247
3.3300	0.0280
3.3500	0.0275
3.3700	0.0260
3.3900	0.0228
3.4100	0.0180
3.4300	0.0115
3.4500	0.0045
3.4700	-0.0037
3.4900	-0.0109
3.5100	-0.0171
3.5300	-0.0245
3.5500	-0.0278
3.5700	-0.0319
3.5900	-0.0330
3.6100	-0.0320
3.6300	-0.0312
3.6500	-0.0288
3.6700	-0.0224
3.6900	-0.0170
3.7100	-0.0117
3.7300	-0.0030
3.7500	0.0012
3.7700	0.0086
3.7900	0.0111
3.8100	0.0142
3.8300	0.0164
3.8500	0.0173
3.8700	0.0147
3.8900	0.0098
3.9100	0.0042
3.9300	-0.0017
3.9500	-0.0082
3.9700	-0.0153
3.9900	-0.0223
4.0100	-0.0285
4.0300	-0.0335
4.0500	-0.0389
4.0700	-0.0404
4.0900	-0.0410
4.1100	-0.0427
4.1300	-0.0388
4.1500	-0.0352
4.1700	-0.0308
4.1900	-0.0259
4.2100	-0.0194
4.2300	-0.0136
4.2500	-0.0091
4.2700	-0.0047
4.2900	-0.0015
4.3100	-0.0007
4.3300	0.0002
4.3500	-0.0006
4.3700	-0.0041
4.3900	-0.0101
4.4100	-0.0160
4.4300	-0.0233
4.4500	-0.0289
4.4700	-0.0374
4.4900	-0.0436
4.5100	-0.0503
4.5300	-0.0542
4.5500	-0.0562
4.5700	-0.0587
4.5900	-0.0561
4.6100	-0.0546
4.6300	-0.0491
4.6500	-0.0433
4.6700	-0.0378
4.6900	-0.0295
4.7100	-0.0213
4.7300	-0.0133
4.7500	-0.0050
4.7700	0.0007
4.7900	0.0069
4.8100	0.0112
4.8300	0.0123
4.8500	0.0140
4.8700	0.0123
4.8900	0.0112
4.9100	0.0055
4.9300	0.0021
4.9500	-0.0039
4.9700	-0.0086
4.9900	-0.0116
5.0100	-0.1074
5.0300	0.0000
5.0500	0.0000
5.0700	0.0000
5.0900	0.0000
5.1100	0.0000
5.1300	0.0000
5.1500	0.0000
5.1700	0.0000
5.1900	0.0000
5.2100	0.0000
5.2300	0.0000
5.2500	0.0000
5.2700	0.0000
5.2900	0.0000
5.3100	0.0000
5.3300	0.0000
5.3500	0.0000
5.3700	0.0000
5.3900	0.0000
5.4100	0.0000
5.4300	0.0000
5.4500	0.0000
5.4700	0.0000
5.4900	0.0000
5.5100	0.0000
5.5300	0.0000
5.5500	0.0000
5.5700	0.0000
5.5900	0.0000
5.6100	0.0000
5.6300	0.0000
5.6500	0.0000
5.6700	0.0000
5.6900	0.0000
5.7100	0.0000
5.7300	0.0000
5.7500	0.0000
5.7700	0.0000
5.7900	0.0000
5.8100	0.0000
5.8300	0.0000
5.8500	0.0000
5.8700	0.0000
5.8900	0.0000
5.9100	0.0000
5.9300	0.0000
5.9500	0.0000
5.9700	0.0000
5.9900	0.0000
