# r		V(r)
0.0100	0.7655
0.0300	0.7959
0.0500	0.7827
0.0700	0.7662
0.0900	0.7464
0.1100	0.7295
0.1300	0.7035
0.1500	0.6586
0.1700	0.6345
0.1900	0.6016
0.2100	0.5439
0.2300	0.4846
0.2500	0.4313
0.2700	0.3701
0.2900	0.2838
0.3100	0.2150
0.3300	0.1618
0.3500	0.0944
0.3700	0.0216
0.3900	-0.0453
0.4100	-0.1278
0.4300	-0.1952
0.4500	-0.2498
0.4700	-0.3035
0.4900	-0.3654
0.5100	-0.3876
0.5300	-0.4146
0.5500	-0.4423
0.5700	-0.4206
0.5900	-0.4046
0.6100	-0.3707
0.6300	-0.3193
0.6500	-0.2550
0.6700	-0.1778
0.6900	-0.0909
0.7100	-0.0074
0.7300	0.0662
0.7500	0.1228
0.7700	0.1824
0.7900	0.2178
0.8100	0.2481
0.8300	0.2440
0.8500	0.2222
0.8700	0.2026
0.8900	0.1655
0.9100	0.1196
0.9300	0.0746
0.9500	0.0306
0.9700	-0.0204
0.9900	-0.0700
1.0100	-0.1098
1.0300	-0.1447
1.0500	-0.1662
1.0700	-0.1813
1.0900	-0.1902
1.1100	-0.1821
1.1300	-0.1668
1.1500	-0.1379
1.1700	-0.1116
1.1900	-0.0730
1.2100	-0.0347
1.2300	0.0114
1.2500	0.0454
1.2700	0.0796
1.2900	0.1115
1.3100	0.1363
1.3300	0.1442
1.3500	0.1491
1.3700	0.1409
1.3900	0.1173
1.4100	0.0986
1.4300	0.0688
1.4500	0.0406
1.4700	0.0079
1.4900	-0.0215
1.5100	-0.0562
1.5300	-0.0827
1.5500	-0.1054
1.5700	-0.1171
1.5900	-0.1310
1.6100	-0.1220
1.6300	-0.1176
1.6500	-0.1033
1.6700	-0.0846
1.6900	-0.0615
1.7100	-0.0388
1.7300	-0.0099
1.7500	0.0249
1.7700	0.0510
1.7900	0.0655
1.8100	0.0863
1.8300	0.0997
1.8500	0.1028
1.8700	0.0997
1.8900	0.0948
1.9100	0.0791
1.9300	0.0561
1.9500	0.0360
1.9700	0.0134
1.9900	-0.0107
2.0100	-0.0015
2.0300	-0.0051
2.0500	-0.0011
2.0700	-0.0101
2.0900	-0.0017
2.1100	-0.0086
2.1300	-0.0015
2.1500	-0.0093
2.1700	-0.0068
2.1900	-0.0060
2.2100	-0.0041
2.2300	-0.0018
2.2500	-0.0016
2.2700	0.0025
2.2900	-0.0004
2.3100	-0.0009
2.3300	-0.0031
2.3500	-0.0020
2.3700	0.0046
2.3900	-0.0032
2.4100	-0.0004
2.4300	0.0023
2.4500	-0.0021
2.4700	-0.0021
2.4900	0.0008
2.5100	-0.0082
2.5300	-0.0129
2.5500	-0.0039
2.5700	-0.0055
2.5900	-0.0073
2.6100	-0.0049
2.6300	-0.0041
2.6500	-0.0100
2.6700	-0.0038
2.6900	-0.0040
2.7100	-0.0048
2.7300	-0.0029
2.7500	-0.0018
2.7700	0.0023
2.7900	0.0020
2.8100	0.0009
2.8300	0.0032
2.8500	0.0017
2.8700	-0.0001
2.8900	0.0038
2.9100	0.0020
2.9300	-0.0012
2.9500	0.0047
2.9700	-0.0026
2.9900	-0.0042
3.0100	-0.0037
3.0300	-0.0028
3.0500	-0.0071
3.0700	-0.0034
3.0900	-0.0064
3.1100	-0.0031
3.1300	-0.0080
3.1500	-0.0037
3.1700	-0.0011
3.1900	-0.0018
3.2100	-0.0043
3.2300	-0.0023
3.2500	0.0005
3.2700	-0.0014
3.2900	-0.0020
3.3100	0.0038
3.3300	-0.0000
3.3500	-0.0022
3.3700	-0.0010
3.3900	-0.0013
3.4100	-0.0028
3.4300	-0.0000
3.4500	-0.0019
3.4700	0.0021
3.4900	-0.0046
3.5100	0.0005
3.5300	-0.0044
3.5500	-0.0030
3.5700	-0.0077
3.5900	-0.0088
3.6100	-0.0072
3.6300	-0.0075
3.6500	-0.0060
3.6700	-0.0077
3.6900	-0.0023
3.7100	-0.0039
3.7300	-0.0029
3.7500	-0.0034
3.7700	-0.0021
3.7900	0.0004
3.8100	0.0016
3.8300	0.0016
3.8500	0.0026
3.8700	0.0016
3.8900	-0.0001
3.9100	-0.0035
3.9300	-0.0007
3.9500	-0.0022
3.9700	-0.0007
3.9900	-0.0053
4.0100	-0.0059
4.0300	-0.0097
4.0500	-0.0075
4.0700	-0.0084
4.0900	-0.0103
4.1100	-0.0089
4.1300	-0.0050
4.1500	-0.0070
4.1700	-0.0067
4.1900	-0.0049
4.2100	-0.0038
4.2300	-0.0048
4.2500	-0.0023
4.2700	0.0009
4.2900	-0.0058
4.3100	-0.0027
4.3300	-0.0059
4.3500	-0.0010
4.3700	0.0003
4.3900	-0.0017
4.4100	-0.0008
4.4300	-0.0055
4.4500	-0.0035
4.4700	-0.0035
4.4900	-0.0045
4.5100	-0.0027
4.5300	-0.0051
4.5500	-0.0041
4.5700	-0.0096
4.5900	-0.0076
4.6100	-0.0086
4.6300	-0.0077
4.6500	-0.0051
4.6700	-0.0101
4.6900	-0.0032
4.7100	-0.0002
4.7300	-0.0025
4.7500	-0.0010
4.7700	0.0025
4.7900	-0.0007
4.8100	0.0023
4.8300	0.0022
4.8500	0.0027
4.8700	0.0034
4.8900	-0.0008
4.9100	-0.0003
4.9300	-0.0013
4.9500	-0.0001
4.9700	-0.0011
4.9900	-0.0004
5.0100	-0.0026
5.0300	0.0000
5.0500	0.0000
5.0700	0.0000
5.0900	0.0000
5.1100	0.0000
5.1300	0.0000
5.1500	0.0000
5.1700	0.0000
5.1900	0.0000
5.2100	0.0000
5.2300	0.0000
5.2500	0.0000
5.2700	0.0000
5.2900	0.0000
5.3100	0.0000
5.3300	0.0000
5.3500	0.0000
5.3700	0.0000
5.3900	0.0000
5.4100	0.0000
5.4300	0.0000
5.4500	0.0000
5.4700	0.0000
5.4900	0.0000
5.5100	0.0000
5.5300	0.0000
5.5500	0.0000
5.5700	0.0000
5.5900	0.0000
5.6100	0.0000
5.6300	0.0000
5.6500	0.0000
5.6700	0.0000
5.6900	0.0000
5.7100	0.0000
5.7300	0.0000
5.7500	0.0000
5.7700	0.0000
5.7900	0.0000
5.8100	0.0000
5.8300	0.0000
5.8500	0.0000
5.8700	0.0000
5.8900	0.0000
5.9100	0.0000
5.9300	0.0000
5.9500	0.0000
5.9700	0.0000
5.9900	0.0000
