# r		V(r)
0.0100	1.6333
0.0300	1.6023
0.0500	1.5689
0.0700	1.5052
0.0900	1.4135
0.1100	1.3003
0.1300	1.1827
0.1500	1.0545
0.1700	0.9156
0.1900	0.7844
0.2100	0.6361
0.2300	0.4959
0.2500	0.3552
0.2700	0.2244
0.2900	0.1024
0.3100	-0.0161
0.3300	-0.1158
0.3500	-0.2191
0.3700	-0.3073
0.3900	-0.3917
0.4100	-0.4669
0.4300	-0.5348
0.4500	-0.5959
0.4700	-0.6540
0.4900	-0.7037
0.5100	-0.7417
0.5300	-0.7746
0.5500	-0.7944
0.5700	-0.7967
0.5900	-0.7893
0.6100	-0.7689
0.6300	-0.7281
0.6500	-0.6804
0.6700	-0.6226
0.6900	-0.5568
0.7100	-0.4879
0.7300	-0.4183
0.7500	-0.3493
0.7700	-0.2959
0.7900	-0.2416
0.8100	-0.2098
0.8300	-0.1854
0.8500	-0.1689
0.8700	-0.1643
0.8900	-0.1642
0.9100	-0.1751
0.9300	-0.1867
0.9500	-0.1980
0.9700	-0.2137
0.9900	-0.2295
1.0100	-0.2435
1.0300	-0.2538
1.0500	-0.2629
1.0700	-0.2701
1.0900	-0.2658
1.1100	-0.2623
1.1300	-0.2489
1.1500	-0.2330
1.1700	-0.2114
1.1900	-0.1831
1.2100	-0.1585
1.2300	-0.1287
1.2500	-0.0992
1.2700	-0.0756
1.2900	-0.0543
1.3100	-0.0355
1.3300	-0.0252
1.3500	-0.0175
1.3700	-0.0154
1.3900	-0.0180
1.4100	-0.0253
1.4300	-0.0344
1.4500	-0.0459
1.4700	-0.0623
1.4900	-0.0740
1.5100	-0.0876
1.5300	-0.0998
1.5500	-0.1082
1.5700	-0.1118
1.5900	-0.1134
1.6100	-0.1134
1.6300	-0.1096
1.6500	-0.1010
1.6700	-0.0905
1.6900	-0.0762
1.7100	-0.0593
1.7300	-0.0436
1.7500	-0.0283
1.7700	-0.0108
1.7900	0.0015
1.8100	0.0133
1.8300	0.0216
1.8500	0.0259
1.8700	0.0276
1.8900	0.0246
1.9100	0.0197
1.9300	0.0100
1.9500	0.0022
1.9700	-0.0110
1.9900	-0.0221
2.0100	-0.0313
2.0300	-0.0404
2.0500	-0.0497
2.0700	-0.0523
2.0900	-0.0552
2.1100	-0.0564
2.1300	-0.0523
2.1500	-0.0503
2.1700	-0.0413
2.1900	-0.0329
2.2100	-0.0227
2.2300	-0.0102
2.2500	0.0026
2.2700	0.0131
2.2900	0.0193
2.3100	0.0279
2.3300	0.0340
2.3500	0.0361
2.3700	0.0347
2.3900	0.0328
2.4100	0.0264
2.4300	0.0205
2.4500	0.0123
2.4700	0.0025
2.4900	-0.0086
2.5100	-0.0174
2.5300	-0.0240
2.5500	-0.0308
2.5700	-0.0346
2.5900	-0.0370
2.6100	-0.0376
2.6300	-0.0365
2.6500	-0.0325
2.6700	-0.0254
2.6900	-0.0187
2.7100	-0.0105
2.7300	-0.0012
2.7500	0.0087
2.7700	0.0148
2.7900	0.0232
2.8100	0.0302
2.8300	0.0344
2.8500	0.0334
2.8700	0.0325
2.8900	0.0295
2.9100	0.0250
2.9300	0.0183
2.9500	0.0101
2.9700	0.0014
2.9900	-0.0059
3.0100	-0.0140
3.0300	-0.0200
3.0500	-0.0251
3.0700	-0.0280
3.0900	-0.0318
3.1100	-0.0310
3.1300	-0.0301
3.1500	-0.0252
3.1700	-0.0208
3.1900	-0.0146
3.2100	-0.0082
3.2300	-0.0008
3.2500	0.0072
3.2700	0.0140
3.2900	0.0193
3.3100	0.0243
3.3300	0.0253
3.3500	0.0246
3.3700	0.0244
3.3900	0.0209
3.4100	0.0174
3.4300	0.0112
3.4500	0.0031
3.4700	-0.0042
3.4900	-0.0111
3.5100	-0.0188
3.5300	-0.0248
3.5500	-0.0283
3.5700	-0.0337
3.5900	-0.0342
3.6100	-0.0328
3.6300	-0.0318
3.6500	-0.0291
3.6700	-0.0236
3.6900	-0.0183
3.7100	-0.0114
3.7300	-0.0039
3.7500	0.0002
3.7700	0.0069
3.7900	0.0112
3.8100	0.0127
3.8300	0.0154
3.8500	0.0158
3.8700	0.0128
3.8900	0.0095
3.9100	0.0035
3.9300	-0.0021
3.9500	-0.0077
3.9700	-0.0163
3.9900	-0.0229
4.0100	-0.0295
4.0300	-0.0355
4.0500	-0.0389
4.0700	-0.0416
4.0900	-0.0420
4.1100	-0.0438
4.1300	-0.0417
4.1500	-0.0360
4.1700	-0.0318
4.1900	-0.0271
4.2100	-0.0205
4.2300	-0.0164
4.2500	-0.0106
4.2700	-0.0059
4.2900	-0.0022
4.3100	0.0005
4.3300	0.0010
4.3500	-0.0027
4.3700	-0.0054
4.3900	-0.0118
4.4100	-0.0174
4.4300	-0.0244
4.4500	-0.0300
4.4700	-0.0365
4.4900	-0.0450
4.5100	-0.0503
4.5300	-0.0552
4.5500	-0.0575
4.5700	-0.0590
4.5900	-0.0555
4.6100	-0.0547
4.6300	-0.0493
4.6500	-0.0438
4.6700	-0.0370
4.6900	-0.0303
4.7100	-0.0212
4.7300	-0.0130
4.7500	-0.0052
4.7700	0.0013
4.7900	0.0068
4.8100	0.0127
4.8300	0.0124
4.8500	0.0134
4.8700	0.0137
4.8900	0.0107
4.9100	0.0069
4.9300	0.0024
4.9500	-0.0036
4.9700	-0.0076
4.9900	-0.0118
5.0100	-0.0918
5.0300	0.0000
5.0500	0.0000
5.0700	0.0000
5.0900	0.0000
5.1100	0.0000
5.1300	0.0000
5.1500	0.0000
5.1700	0.0000
5.1900	0.0000
5.2100	0.0000
5.2300	0.0000
5.2500	0.0000
5.2700	0.0000
5.2900	0.0000
5.3100	0.0000
5.3300	0.0000
5.3500	0.0000
5.3700	0.0000
5.3900	0.0000
5.4100	0.0000
5.4300	0.0000
5.4500	0.0000
5.4700	0.0000
5.4900	0.0000
5.5100	0.0000
5.5300	0.0000
5.5500	0.0000
5.5700	0.0000
5.5900	0.0000
5.6100	0.0000
5.6300	0.0000
5.6500	0.0000
5.6700	0.0000
5.6900	0.0000
5.7100	0.0000
5.7300	0.0000
5.7500	0.0000
5.7700	0.0000
5.7900	0.0000
5.8100	0.0000
5.8300	0.0000
5.8500	0.0000
5.8700	0.0000
5.8900	0.0000
5.9100	0.0000
5.9300	0.0000
5.9500	0.0000
5.9700	0.0000
5.9900	0.0000
