# r		V(r)
0.0100	13.7309
0.0300	10.0440
0.0500	8.6644
0.0700	8.6808
0.0900	7.6290
0.1100	7.1662
0.1300	6.2660
0.1500	5.8030
0.1700	5.3735
0.1900	5.0737
0.2100	4.5664
0.2300	4.2005
0.2500	3.8885
0.2700	3.4700
0.2900	3.1082
0.3100	2.7857
0.3300	2.5067
0.3500	2.2282
0.3700	1.9390
0.3900	1.6948
0.4100	1.4642
0.4300	1.2381
0.4500	1.0116
0.4700	0.8248
0.4900	0.6498
0.5100	0.4846
0.5300	0.3344
0.5500	0.2061
0.5700	0.1042
0.5900	0.0132
0.6100	-0.0601
0.6300	-0.1115
0.6500	-0.1287
0.6700	-0.1392
0.6900	-0.1159
0.7100	-0.0765
0.7300	-0.0487
0.7500	0.0044
0.7700	0.0603
0.7900	0.1150
0.8100	0.1711
0.8300	0.2107
0.8500	0.2434
0.8700	0.2666
0.8900	0.2736
0.9100	0.2631
0.9300	0.2431
0.9500	0.2146
0.9700	0.1733
0.9900	0.1324
1.0100	0.0813
1.0300	0.0366
1.0500	-0.0091
1.0700	-0.0595
1.0900	-0.0879
1.1100	-0.1102
1.1300	-0.1222
1.1500	-0.1414
1.1700	-0.1341
1.1900	-0.1244
1.2100	-0.1076
1.2300	-0.0863
1.2500	-0.0566
1.2700	-0.0256
1.2900	0.0016
1.3100	0.0294
1.3300	0.0596
1.3500	0.0777
1.3700	0.0877
1.3900	0.0989
1.4100	0.0979
1.4300	0.0825
1.4500	0.0712
1.4700	0.0491
1.4900	0.0221
1.5100	0.0032
1.5300	-0.0282
1.5500	-0.0500
1.5700	-0.0782
1.5900	-0.0884
1.6100	-0.0998
1.6300	-0.1121
1.6500	-0.1134
1.6700	-0.1114
1.6900	-0.1028
1.7100	-0.0941
1.7300	-0.0761
1.7500	-0.0570
1.7700	-0.0302
1.7900	-0.0120
1.8100	0.0065
1.8300	0.0224
1.8500	0.0369
1.8700	0.0489
1.8900	0.0512
1.9100	0.0471
1.9300	0.0423
1.9500	0.0297
1.9700	0.0150
1.9900	0.0071
2.0100	-0.0143
2.0300	-0.0234
2.0500	-0.0324
2.0700	-0.0424
2.0900	-0.0540
2.1100	-0.0594
2.1300	-0.0657
2.1500	-0.0670
2.1700	-0.0663
2.1900	-0.0661
2.2100	-0.0619
2.2300	-0.0521
2.2500	-0.0476
2.2700	-0.0350
2.2900	-0.0275
2.3100	-0.0221
2.3300	-0.0157
2.3500	-0.0096
2.3700	-0.0035
2.3900	-0.0040
2.4100	-0.0069
2.4300	-0.0038
2.4500	-0.0142
2.4700	-0.0203
2.4900	-0.0244
2.5100	-0.0368
2.5300	-0.0389
2.5500	-0.0442
2.5700	-0.0490
2.5900	-0.0570
2.6100	-0.0572
2.6300	-0.0625
2.6500	-0.0653
2.6700	-0.0594
2.6900	-0.0597
2.7100	-0.0548
2.7300	-0.0450
2.7500	-0.0386
2.7700	-0.0321
2.7900	-0.0227
2.8100	-0.0160
2.8300	-0.0145
2.8500	-0.0126
2.8700	-0.0080
2.8900	-0.0117
2.9100	-0.0084
2.9300	-0.0130
2.9500	-0.0170
2.9700	-0.0231
2.9900	-0.0288
3.0100	-0.0379
3.0300	-0.0392
3.0500	-0.0493
3.0700	-0.0551
3.0900	-0.0570
3.1100	-0.0604
3.1300	-0.0594
3.1500	-0.0583
3.1700	-0.0562
3.1900	-0.0554
3.2100	-0.0450
3.2300	-0.0426
3.2500	-0.0335
3.2700	-0.0338
3.2900	-0.0275
3.3100	-0.0178
3.3300	-0.0201
3.3500	-0.0181
3.3700	-0.0151
3.3900	-0.0184
3.4100	-0.0175
3.4300	-0.0197
3.4500	-0.0233
3.4700	-0.0326
3.4900	-0.0400
3.5100	-0.0429
3.5300	-0.0511
3.5500	-0.0562
3.5700	-0.0592
3.5900	-0.0586
3.6100	-0.0633
3.6300	-0.0619
3.6500	-0.0635
3.6700	-0.0588
3.6900	-0.0523
3.7100	-0.0479
3.7300	-0.0451
3.7500	-0.0375
3.7700	-0.0339
3.7900	-0.0281
3.8100	-0.0237
3.8300	-0.0194
3.8500	-0.0166
3.8700	-0.0179
3.8900	-0.0191
3.9100	-0.0221
3.9300	-0.0286
3.9500	-0.0328
3.9700	-0.0336
3.9900	-0.0444
4.0100	-0.0489
4.0300	-0.0545
4.0500	-0.0565
4.0700	-0.0593
4.0900	-0.0641
4.1100	-0.0637
4.1300	-0.0605
4.1500	-0.0580
4.1700	-0.0537
4.1900	-0.0498
4.2100	-0.0447
4.2300	-0.0427
4.2500	-0.0377
4.2700	-0.0303
4.2900	-0.0291
4.3100	-0.0235
4.3300	-0.0225
4.3500	-0.0214
4.3700	-0.0230
4.3900	-0.0250
4.4100	-0.0250
4.4300	-0.0303
4.4500	-0.0347
4.4700	-0.0394
4.4900	-0.0477
4.5100	-0.0502
4.5300	-0.0503
4.5500	-0.0537
4.5700	-0.0563
4.5900	-0.0549
4.6100	-0.0548
4.6300	-0.0535
4.6500	-0.0494
4.6700	-0.0435
4.6900	-0.0353
4.7100	-0.0280
4.7300	-0.0235
4.7500	-0.0153
4.7700	-0.0075
4.7900	-0.0046
4.8100	0.0001
4.8300	0.0042
4.8500	0.0075
4.8700	0.0046
4.8900	0.0044
4.9100	0.0025
4.9300	0.0007
4.9500	-0.0039
4.9700	-0.0086
4.9900	-0.0146
5.0100	-0.0318
5.0300	0.0000
5.0500	0.0000
5.0700	0.0000
5.0900	0.0000
5.1100	0.0000
5.1300	0.0000
5.1500	0.0000
5.1700	0.0000
5.1900	0.0000
5.2100	0.0000
5.2300	0.0000
5.2500	0.0000
5.2700	0.0000
5.2900	0.0000
5.3100	0.0000
5.3300	0.0000
5.3500	0.0000
5.3700	0.0000
5.3900	0.0000
5.4100	0.0000
5.4300	0.0000
5.4500	0.0000
5.4700	0.0000
5.4900	0.0000
5.5100	0.0000
5.5300	0.0000
5.5500	0.0000
5.5700	0.0000
5.5900	0.0000
5.6100	0.0000
5.6300	0.0000
5.6500	0.0000
5.6700	0.0000
5.6900	0.0000
5.7100	0.0000
5.7300	0.0000
5.7500	0.0000
5.7700	0.0000
5.7900	0.0000
5.8100	0.0000
5.8300	0.0000
5.8500	0.0000
5.8700	0.0000
5.8900	0.0000
5.9100	0.0000
5.9300	0.0000
5.9500	0.0000
5.9700	0.0000
5.9900	0.0000
