# r		V(r)
0.0100	1.5692
0.0300	1.5670
0.0500	1.5356
0.0700	1.4754
0.0900	1.4057
0.1100	1.3256
0.1300	1.1987
0.1500	1.0882
0.1700	0.9751
0.1900	0.8391
0.2100	0.7018
0.2300	0.5638
0.2500	0.4340
0.2700	0.3078
0.2900	0.1880
0.3100	0.0846
0.3300	-0.0290
0.3500	-0.1199
0.3700	-0.2069
0.3900	-0.2929
0.4100	-0.3634
0.4300	-0.4306
0.4500	-0.4913
0.4700	-0.5433
0.4900	-0.5943
0.5100	-0.6310
0.5300	-0.6571
0.5500	-0.6792
0.5700	-0.6764
0.5900	-0.6711
0.6100	-0.6427
0.6300	-0.5995
0.6500	-0.5455
0.6700	-0.4892
0.6900	-0.4166
0.7100	-0.3473
0.7300	-0.2804
0.7500	-0.2137
0.7700	-0.1562
0.7900	-0.1139
0.8100	-0.0830
0.8300	-0.0606
0.8500	-0.0504
0.8700	-0.0520
0.8900	-0.0602
0.9100	-0.0740
0.9300	-0.0881
0.9500	-0.1078
0.9700	-0.1314
0.9900	-0.1528
1.0100	-0.1717
1.0300	-0.1879
1.0500	-0.2017
1.0700	-0.2080
1.0900	-0.2067
1.1100	-0.2078
1.1300	-0.1959
1.1500	-0.1797
1.1700	-0.1588
1.1900	-0.1337
1.2100	-0.1033
1.2300	-0.0750
1.2500	-0.0478
1.2700	-0.0191
1.2900	0.0030
1.3100	0.0213
1.3300	0.0301
1.3500	0.0362
1.3700	0.0372
1.3900	0.0261
1.4100	0.0182
1.4300	0.0062
1.4500	-0.0081
1.4700	-0.0258
1.4900	-0.0385
1.5100	-0.0611
1.5300	-0.0763
1.5500	-0.0868
1.5700	-0.0927
1.5900	-0.1019
1.6100	-0.0998
1.6300	-0.0990
1.6500	-0.0893
1.6700	-0.0781
1.6900	-0.0577
1.7100	-0.0444
1.7300	-0.0254
1.7500	-0.0089
1.7700	0.0092
1.7900	0.0232
1.8100	0.0341
1.8300	0.0414
1.8500	0.0480
1.8700	0.0461
1.8900	0.0423
1.9100	0.0346
1.9300	0.0269
1.9500	0.0114
1.9700	0.0019
1.9900	-0.0101
2.0100	-0.0183
2.0300	-0.0276
2.0500	-0.0376
2.0700	-0.0407
2.0900	-0.0451
2.1100	-0.0453
2.1300	-0.0467
2.1500	-0.0453
2.1700	-0.0357
2.1900	-0.0275
2.2100	-0.0232
2.2300	-0.0119
2.2500	-0.0055
2.2700	0.0050
2.2900	0.0124
2.3100	0.0183
2.3300	0.0224
2.3500	0.0246
2.3700	0.0196
2.3900	0.0196
2.4100	0.0158
2.4300	0.0079
2.4500	0.0001
2.4700	-0.0048
2.4900	-0.0129
2.5100	-0.0220
2.5300	-0.0302
2.5500	-0.0360
2.5700	-0.0380
2.5900	-0.0424
2.6100	-0.0397
2.6300	-0.0408
2.6500	-0.0372
2.6700	-0.0323
2.6900	-0.0242
2.7100	-0.0162
2.7300	-0.0086
2.7500	-0.0006
2.7700	0.0075
2.7900	0.0115
2.8100	0.0190
2.8300	0.0225
2.8500	0.0232
2.8700	0.0217
2.8900	0.0174
2.9100	0.0187
2.9300	0.0098
2.9500	0.0024
2.9700	-0.0081
2.9900	-0.0134
3.0100	-0.0186
3.0300	-0.0275
3.0500	-0.0298
3.0700	-0.0306
3.0900	-0.0352
3.1100	-0.0343
3.1300	-0.0358
3.1500	-0.0306
3.1700	-0.0254
3.1900	-0.0197
3.2100	-0.0142
3.2300	-0.0076
3.2500	0.0005
3.2700	0.0055
3.2900	0.0109
3.3100	0.0134
3.3300	0.0149
3.3500	0.0169
3.3700	0.0158
3.3900	0.0154
3.4100	0.0081
3.4300	0.0017
3.4500	-0.0032
3.4700	-0.0076
3.4900	-0.0176
3.5100	-0.0219
3.5300	-0.0263
3.5500	-0.0314
3.5700	-0.0351
3.5900	-0.0362
3.6100	-0.0355
3.6300	-0.0344
3.6500	-0.0327
3.6700	-0.0270
3.6900	-0.0243
3.7100	-0.0156
3.7300	-0.0118
3.7500	-0.0044
3.7700	0.0030
3.7900	0.0076
3.8100	0.0108
3.8300	0.0118
3.8500	0.0077
3.8700	0.0090
3.8900	0.0067
3.9100	0.0012
3.9300	-0.0014
3.9500	-0.0079
3.9700	-0.0128
3.9900	-0.0211
4.0100	-0.0257
4.0300	-0.0327
4.0500	-0.0375
4.0700	-0.0389
4.0900	-0.0411
4.1100	-0.0389
4.1300	-0.0398
4.1500	-0.0348
4.1700	-0.0294
4.1900	-0.0259
4.2100	-0.0186
4.2300	-0.0162
4.2500	-0.0098
4.2700	-0.0045
4.2900	-0.0015
4.3100	-0.0017
4.3300	-0.0011
4.3500	0.0009
4.3700	-0.0018
4.3900	-0.0065
4.4100	-0.0099
4.4300	-0.0164
4.4500	-0.0197
4.4700	-0.0278
4.4900	-0.0353
4.5100	-0.0401
4.5300	-0.0430
4.5500	-0.0487
4.5700	-0.0482
4.5900	-0.0465
4.6100	-0.0463
4.6300	-0.0421
4.6500	-0.0362
4.6700	-0.0335
4.6900	-0.0236
4.7100	-0.0184
4.7300	-0.0098
4.7500	-0.0039
4.7700	0.0032
4.7900	0.0070
4.8100	0.0101
4.8300	0.0141
4.8500	0.0140
4.8700	0.0134
4.8900	0.0109
4.9100	0.0068
4.9300	0.0030
4.9500	-0.0016
4.9700	-0.0066
4.9900	-0.0107
5.0100	-0.0395
5.0300	0.0000
5.0500	0.0000
5.0700	0.0000
5.0900	0.0000
5.1100	0.0000
5.1300	0.0000
5.1500	0.0000
5.1700	0.0000
5.1900	0.0000
5.2100	0.0000
5.2300	0.0000
5.2500	0.0000
5.2700	0.0000
5.2900	0.0000
5.3100	0.0000
5.3300	0.0000
5.3500	0.0000
5.3700	0.0000
5.3900	0.0000
5.4100	0.0000
5.4300	0.0000
5.4500	0.0000
5.4700	0.0000
5.4900	0.0000
5.5100	0.0000
5.5300	0.0000
5.5500	0.0000
5.5700	0.0000
5.5900	0.0000
5.6100	0.0000
5.6300	0.0000
5.6500	0.0000
5.6700	0.0000
5.6900	0.0000
5.7100	0.0000
5.7300	0.0000
5.7500	0.0000
5.7700	0.0000
5.7900	0.0000
5.8100	0.0000
5.8300	0.0000
5.8500	0.0000
5.8700	0.0000
5.8900	0.0000
5.9100	0.0000
5.9300	0.0000
5.9500	0.0000
5.9700	0.0000
5.9900	0.0000
