# r		V(r)
0.0100	1.6419
0.0300	1.6263
0.0500	1.5784
0.0700	1.5267
0.0900	1.4279
0.1100	1.3350
0.1300	1.2114
0.1500	1.0846
0.1700	0.9654
0.1900	0.8254
0.2100	0.6827
0.2300	0.5446
0.2500	0.3997
0.2700	0.2795
0.2900	0.1547
0.3100	0.0480
0.3300	-0.0633
0.3500	-0.1594
0.3700	-0.2484
0.3900	-0.3318
0.4100	-0.4055
0.4300	-0.4725
0.4500	-0.5379
0.4700	-0.5885
0.4900	-0.6412
0.5100	-0.6774
0.5300	-0.7035
0.5500	-0.7248
0.5700	-0.7282
0.5900	-0.7212
0.6100	-0.6939
0.6300	-0.6553
0.6500	-0.6029
0.6700	-0.5472
0.6900	-0.4759
0.7100	-0.4058
0.7300	-0.3394
0.7500	-0.2668
0.7700	-0.2180
0.7900	-0.1678
0.8100	-0.1368
0.8300	-0.1087
0.8500	-0.0990
0.8700	-0.0996
0.8900	-0.1016
0.9100	-0.1139
0.9300	-0.1284
0.9500	-0.1441
0.9700	-0.1652
0.9900	-0.1776
1.0100	-0.1978
1.0300	-0.2113
1.0500	-0.2226
1.0700	-0.2283
1.0900	-0.2277
1.1100	-0.2242
1.1300	-0.2127
1.1500	-0.1952
1.1700	-0.1757
1.1900	-0.1506
1.2100	-0.1224
1.2300	-0.0940
1.2500	-0.0666
1.2700	-0.0411
1.2900	-0.0203
1.3100	-0.0009
1.3300	0.0111
1.3500	0.0182
1.3700	0.0183
1.3900	0.0112
1.4100	0.0036
1.4300	-0.0085
1.4500	-0.0201
1.4700	-0.0358
1.4900	-0.0516
1.5100	-0.0677
1.5300	-0.0806
1.5500	-0.0900
1.5700	-0.0970
1.5900	-0.1014
1.6100	-0.1000
1.6300	-0.0985
1.6500	-0.0887
1.6700	-0.0783
1.6900	-0.0627
1.7100	-0.0485
1.7300	-0.0286
1.7500	-0.0124
1.7700	0.0038
1.7900	0.0184
1.8100	0.0289
1.8300	0.0329
1.8500	0.0420
1.8700	0.0394
1.8900	0.0391
1.9100	0.0297
1.9300	0.0228
1.9500	0.0101
1.9700	-0.0009
1.9900	-0.0114
2.0100	-0.0209
2.0300	-0.0306
2.0500	-0.0404
2.0700	-0.0425
2.0900	-0.0479
2.1100	-0.0458
2.1300	-0.0467
2.1500	-0.0442
2.1700	-0.0382
2.1900	-0.0272
2.2100	-0.0208
2.2300	-0.0101
2.2500	0.0003
2.2700	0.0111
2.2900	0.0182
2.3100	0.0242
2.3300	0.0294
2.3500	0.0311
2.3700	0.0288
2.3900	0.0265
2.4100	0.0203
2.4300	0.0139
2.4500	0.0075
2.4700	-0.0017
2.4900	-0.0101
2.5100	-0.0179
2.5300	-0.0259
2.5500	-0.0322
2.5700	-0.0369
2.5900	-0.0398
2.6100	-0.0378
2.6300	-0.0390
2.6500	-0.0352
2.6700	-0.0291
2.6900	-0.0205
2.7100	-0.0150
2.7300	-0.0054
2.7500	0.0045
2.7700	0.0128
2.7900	0.0171
2.8100	0.0219
2.8300	0.0265
2.8500	0.0282
2.8700	0.0277
2.8900	0.0239
2.9100	0.0216
2.9300	0.0141
2.9500	0.0073
2.9700	-0.0030
2.9900	-0.0091
3.0100	-0.0167
3.0300	-0.0238
3.0500	-0.0300
3.0700	-0.0313
3.0900	-0.0334
3.1100	-0.0343
3.1300	-0.0343
3.1500	-0.0285
3.1700	-0.0235
3.1900	-0.0191
3.2100	-0.0106
3.2300	-0.0041
3.2500	0.0031
3.2700	0.0088
3.2900	0.0144
3.3100	0.0191
3.3300	0.0215
3.3500	0.0216
3.3700	0.0212
3.3900	0.0193
3.4100	0.0133
3.4300	0.0070
3.4500	0.0010
3.4700	-0.0063
3.4900	-0.0142
3.5100	-0.0189
3.5300	-0.0240
3.5500	-0.0308
3.5700	-0.0325
3.5900	-0.0324
3.6100	-0.0343
3.6300	-0.0331
3.6500	-0.0301
3.6700	-0.0238
3.6900	-0.0197
3.7100	-0.0112
3.7300	-0.0070
3.7500	-0.0003
3.7700	0.0049
3.7900	0.0095
3.8100	0.0139
3.8300	0.0161
3.8500	0.0139
3.8700	0.0135
3.8900	0.0098
3.9100	0.0050
3.9300	0.0012
3.9500	-0.0069
3.9700	-0.0122
3.9900	-0.0193
4.0100	-0.0251
4.0300	-0.0324
4.0500	-0.0358
4.0700	-0.0397
4.0900	-0.0401
4.1100	-0.0405
4.1300	-0.0389
4.1500	-0.0337
4.1700	-0.0290
4.1900	-0.0244
4.2100	-0.0172
4.2300	-0.0135
4.2500	-0.0083
4.2700	-0.0041
4.2900	0.0001
4.3100	0.0015
4.3300	0.0002
4.3500	0.0019
4.3700	-0.0013
4.3900	-0.0067
4.4100	-0.0117
4.4300	-0.0176
4.4500	-0.0222
4.4700	-0.0291
4.4900	-0.0381
4.5100	-0.0427
4.5300	-0.0459
4.5500	-0.0505
4.5700	-0.0514
4.5900	-0.0497
4.6100	-0.0484
4.6300	-0.0447
4.6500	-0.0382
4.6700	-0.0319
4.6900	-0.0255
4.7100	-0.0180
4.7300	-0.0104
4.7500	-0.0040
4.7700	0.0043
4.7900	0.0086
4.8100	0.0130
4.8300	0.0160
4.8500	0.0157
4.8700	0.0139
4.8900	0.0119
4.9100	0.0093
4.9300	0.0024
4.9500	-0.0010
4.9700	-0.0048
4.9900	-0.0104
5.0100	-0.0525
5.0300	0.0000
5.0500	0.0000
5.0700	0.0000
5.0900	0.0000
5.1100	0.0000
5.1300	0.0000
5.1500	0.0000
5.1700	0.0000
5.1900	0.0000
5.2100	0.0000
5.2300	0.0000
5.2500	0.0000
5.2700	0.0000
5.2900	0.0000
5.3100	0.0000
5.3300	0.0000
5.3500	0.0000
5.3700	0.0000
5.3900	0.0000
5.4100	0.0000
5.4300	0.0000
5.4500	0.0000
5.4700	0.0000
5.4900	0.0000
5.5100	0.0000
5.5300	0.0000
5.5500	0.0000
5.5700	0.0000
5.5900	0.0000
5.6100	0.0000
5.6300	0.0000
5.6500	0.0000
5.6700	0.0000
5.6900	0.0000
5.7100	0.0000
5.7300	0.0000
5.7500	0.0000
5.7700	0.0000
5.7900	0.0000
5.8100	0.0000
5.8300	0.0000
5.8500	0.0000
5.8700	0.0000
5.8900	0.0000
5.9100	0.0000
5.9300	0.0000
5.9500	0.0000
5.9700	0.0000
5.9900	0.0000
