# r		V(r)
0.0100	13.7309
0.0300	10.2715
0.0500	9.6896
0.0700	9.0745
0.0900	8.2793
0.1100	7.8241
0.1300	6.9494
0.1500	6.4864
0.1700	5.9803
0.1900	5.4802
0.2100	4.9930
0.2300	4.5478
0.2500	4.1526
0.2700	3.7491
0.2900	3.3906
0.3100	3.0401
0.3300	2.7237
0.3500	2.4183
0.3700	2.1418
0.3900	1.8957
0.4100	1.6402
0.4300	1.4119
0.4500	1.1956
0.4700	0.9961
0.4900	0.8109
0.5100	0.6367
0.5300	0.4798
0.5500	0.3442
0.5700	0.2257
0.5900	0.1286
0.6100	0.0480
0.6300	-0.0047
0.6500	-0.0378
0.6700	-0.0507
0.6900	-0.0416
0.7100	-0.0185
0.7300	0.0159
0.7500	0.0619
0.7700	0.1126
0.7900	0.1668
0.8100	0.2192
0.8300	0.2642
0.8500	0.2981
0.8700	0.3253
0.8900	0.3325
0.9100	0.3284
0.9300	0.3105
0.9500	0.2841
0.9700	0.2459
0.9900	0.2051
1.0100	0.1605
1.0300	0.1121
1.0500	0.0663
1.0700	0.0249
1.0900	-0.0136
1.1100	-0.0416
1.1300	-0.0638
1.1500	-0.0769
1.1700	-0.0826
1.1900	-0.0773
1.2100	-0.0688
1.2300	-0.0508
1.2500	-0.0280
1.2700	-0.0011
1.2900	0.0248
1.3100	0.0488
1.3300	0.0750
1.3500	0.0930
1.3700	0.1048
1.3900	0.1109
1.4100	0.1097
1.4300	0.1021
1.4500	0.0869
1.4700	0.0696
1.4900	0.0478
1.5100	0.0225
1.5300	-0.0018
1.5500	-0.0249
1.5700	-0.0484
1.5900	-0.0658
1.6100	-0.0811
1.6300	-0.0921
1.6500	-0.0971
1.6700	-0.0996
1.6900	-0.0962
1.7100	-0.0890
1.7300	-0.0735
1.7500	-0.0564
1.7700	-0.0404
1.7900	-0.0245
1.8100	-0.0062
1.8300	0.0094
1.8500	0.0206
1.8700	0.0287
1.8900	0.0350
1.9100	0.0321
1.9300	0.0287
1.9500	0.0194
1.9700	0.0075
1.9900	-0.0055
2.0100	-0.0221
2.0300	-0.0349
2.0500	-0.0506
2.0700	-0.0652
2.0900	-0.0776
2.1100	-0.0863
2.1300	-0.0923
2.1500	-0.0964
2.1700	-0.0953
2.1900	-0.0920
2.2100	-0.0852
2.2300	-0.0764
2.2500	-0.0655
2.2700	-0.0553
2.2900	-0.0433
2.3100	-0.0320
2.3300	-0.0237
2.3500	-0.0148
2.3700	-0.0091
2.3900	-0.0082
2.4100	-0.0083
2.4300	-0.0121
2.4500	-0.0197
2.4700	-0.0279
2.4900	-0.0381
2.5100	-0.0476
2.5300	-0.0566
2.5500	-0.0686
2.5700	-0.0783
2.5900	-0.0846
2.6100	-0.0920
2.6300	-0.0939
2.6500	-0.0924
2.6700	-0.0906
2.6900	-0.0870
2.7100	-0.0821
2.7300	-0.0732
2.7500	-0.0632
2.7700	-0.0550
2.7900	-0.0437
2.8100	-0.0356
2.8300	-0.0272
2.8500	-0.0251
2.8700	-0.0219
2.8900	-0.0209
2.9100	-0.0218
2.9300	-0.0258
2.9500	-0.0310
2.9700	-0.0385
2.9900	-0.0471
3.0100	-0.0560
3.0300	-0.0629
3.0500	-0.0717
3.0700	-0.0788
3.0900	-0.0822
3.1100	-0.0875
3.1300	-0.0889
3.1500	-0.0889
3.1700	-0.0862
3.1900	-0.0817
3.2100	-0.0743
3.2300	-0.0676
3.2500	-0.0593
3.2700	-0.0539
3.2900	-0.0455
3.3100	-0.0369
3.3300	-0.0333
3.3500	-0.0315
3.3700	-0.0285
3.3900	-0.0296
3.4100	-0.0300
3.4300	-0.0340
3.4500	-0.0407
3.4700	-0.0469
3.4900	-0.0539
3.5100	-0.0604
3.5300	-0.0689
3.5500	-0.0740
3.5700	-0.0796
3.5900	-0.0810
3.6100	-0.0827
3.6300	-0.0853
3.6500	-0.0856
3.6700	-0.0799
3.6900	-0.0758
3.7100	-0.0680
3.7300	-0.0636
3.7500	-0.0554
3.7700	-0.0486
3.7900	-0.0410
3.8100	-0.0362
3.8300	-0.0330
3.8500	-0.0303
3.8700	-0.0292
3.8900	-0.0310
3.9100	-0.0329
3.9300	-0.0397
3.9500	-0.0441
3.9700	-0.0504
3.9900	-0.0566
4.0100	-0.0631
4.0300	-0.0677
4.0500	-0.0728
4.0700	-0.0787
4.0900	-0.0797
4.1100	-0.0811
4.1300	-0.0794
4.1500	-0.0763
4.1700	-0.0733
4.1900	-0.0678
4.2100	-0.0612
4.2300	-0.0543
4.2500	-0.0496
4.2700	-0.0431
4.2900	-0.0371
4.3100	-0.0343
4.3300	-0.0304
4.3500	-0.0300
4.3700	-0.0306
4.3900	-0.0343
4.4100	-0.0368
4.4300	-0.0426
4.4500	-0.0487
4.4700	-0.0537
4.4900	-0.0598
4.5100	-0.0656
4.5300	-0.0692
4.5500	-0.0722
4.5700	-0.0739
4.5900	-0.0735
4.6100	-0.0718
4.6300	-0.0677
4.6500	-0.0622
4.6700	-0.0551
4.6900	-0.0468
4.7100	-0.0407
4.7300	-0.0314
4.7500	-0.0212
4.7700	-0.0136
4.7900	-0.0079
4.8100	-0.0019
4.8300	0.0024
4.8500	0.0052
4.8700	0.0053
4.8900	0.0049
4.9100	0.0031
4.9300	-0.0020
4.9500	-0.0053
4.9700	-0.0094
4.9900	-0.0143
5.0100	-0.0717
5.0300	0.0000
5.0500	0.0000
5.0700	0.0000
5.0900	0.0000
5.1100	0.0000
5.1300	0.0000
5.1500	0.0000
5.1700	0.0000
5.1900	0.0000
5.2100	0.0000
5.2300	0.0000
5.2500	0.0000
5.2700	0.0000
5.2900	0.0000
5.3100	0.0000
5.3300	0.0000
5.3500	0.0000
5.3700	0.0000
5.3900	0.0000
5.4100	0.0000
5.4300	0.0000
5.4500	0.0000
5.4700	0.0000
5.4900	0.0000
5.5100	0.0000
5.5300	0.0000
5.5500	0.0000
5.5700	0.0000
5.5900	0.0000
5.6100	0.0000
5.6300	0.0000
5.6500	0.0000
5.6700	0.0000
5.6900	0.0000
5.7100	0.0000
5.7300	0.0000
5.7500	0.0000
5.7700	0.0000
5.7900	0.0000
5.8100	0.0000
5.8300	0.0000
5.8500	0.0000
5.8700	0.0000
5.8900	0.0000
5.9100	0.0000
5.9300	0.0000
5.9500	0.0000
5.9700	0.0000
5.9900	0.0000
