# r	g(r)	sigma(g)
1.00000e-02		3.09394e-02		2.38921e-03
3.00000e-02		8.72861e-02		4.11170e-03
5.00000e-02		1.59820e-01		5.95773e-03
7.00000e-02		2.17191e-01		6.54084e-03
9.00000e-02		2.85012e-01		7.94243e-03
1.10000e-01		3.75576e-01		8.71998e-03
1.30000e-01		4.32333e-01		9.19741e-03
1.50000e-01		5.25151e-01		1.03664e-02
1.70000e-01		6.12437e-01		1.07695e-02
1.90000e-01		6.77184e-01		1.20029e-02
2.10000e-01		8.38233e-01		1.28542e-02
2.30000e-01		9.12406e-01		1.28376e-02
2.50000e-01		1.02715e+00		1.45361e-02
2.70000e-01		1.18779e+00		1.47815e-02
2.90000e-01		1.36236e+00		1.65031e-02
3.10000e-01		1.48817e+00		1.72321e-02
3.30000e-01		1.72113e+00		1.86076e-02
3.50000e-01		1.95472e+00		1.97628e-02
3.70000e-01		2.22211e+00		2.04497e-02
3.90000e-01		2.47700e+00		2.23524e-02
4.10000e-01		2.77308e+00		2.35913e-02
4.30000e-01		3.15152e+00		2.40404e-02
4.50000e-01		3.40887e+00		2.56436e-02
4.70000e-01		3.89530e+00		2.66746e-02
4.90000e-01		4.22539e+00		2.87393e-02
5.10000e-01		4.61797e+00		3.06919e-02
5.30000e-01		4.88700e+00		3.11461e-02
5.50000e-01		5.10173e+00		3.22051e-02
5.70000e-01		5.34515e+00		3.25092e-02
5.90000e-01		5.38572e+00		3.30989e-02
6.10000e-01		5.33224e+00		3.34645e-02
6.30000e-01		5.25376e+00		3.39642e-02
6.50000e-01		5.01506e+00		3.14623e-02
6.70000e-01		4.84397e+00		3.06105e-02
6.90000e-01		4.62985e+00		3.05876e-02
7.10000e-01		4.30079e+00		2.89693e-02
7.30000e-01		4.16310e+00		2.99255e-02
7.50000e-01		3.93771e+00		2.71222e-02
7.70000e-01		3.87071e+00		2.77076e-02
7.90000e-01		3.84489e+00		2.87418e-02
8.10000e-01		3.85165e+00		2.80895e-02
8.30000e-01		3.94263e+00		2.90430e-02
8.50000e-01		4.12744e+00		2.88566e-02
8.70000e-01		4.32824e+00		2.98470e-02
8.90000e-01		4.57330e+00		3.05272e-02
9.10000e-01		4.93761e+00		3.17548e-02
9.30000e-01		5.39760e+00		3.21745e-02
9.50000e-01		5.74593e+00		3.34162e-02
9.70000e-01		6.15920e+00		3.38626e-02
9.90000e-01		6.60178e+00		3.68720e-02
1.01000e+00		7.05173e+00		3.74108e-02
1.03000e+00		7.54308e+00		3.73867e-02
1.05000e+00		7.88935e+00		4.08669e-02
1.07000e+00		8.15305e+00		4.15037e-02
1.09000e+00		8.21145e+00		4.25402e-02
1.11000e+00		8.36184e+00		4.15224e-02
1.13000e+00		8.37762e+00		4.15622e-02
1.15000e+00		8.37865e+00		3.97985e-02
1.17000e+00		8.20715e+00		4.03641e-02
1.19000e+00		8.05061e+00		3.94237e-02
1.21000e+00		7.81600e+00		4.00239e-02
1.23000e+00		7.55189e+00		3.87732e-02
1.25000e+00		7.32076e+00		3.74838e-02
1.27000e+00		7.25356e+00		3.75757e-02
1.29000e+00		7.15541e+00		3.72153e-02
1.31000e+00		7.10296e+00		3.81789e-02
1.33000e+00		7.11095e+00		3.65911e-02
1.35000e+00		7.18471e+00		3.53939e-02
1.37000e+00		7.42670e+00		3.90903e-02
1.39000e+00		7.55271e+00		3.74682e-02
1.41000e+00		7.92808e+00		4.21660e-02
1.43000e+00		8.27333e+00		3.89081e-02
1.45000e+00		8.66940e+00		4.14385e-02
1.47000e+00		9.15254e+00		4.18896e-02
1.49000e+00		9.55271e+00		4.33469e-02
1.51000e+00		9.99692e+00		4.40709e-02
1.53000e+00		1.04819e+01		4.64613e-02
1.55000e+00		1.07774e+01		4.64769e-02
1.57000e+00		1.11800e+01		4.72290e-02
1.59000e+00		1.14314e+01		4.84253e-02
1.61000e+00		1.14927e+01		4.80121e-02
1.63000e+00		1.15451e+01		4.88776e-02
1.65000e+00		1.14796e+01		4.71954e-02
1.67000e+00		1.12618e+01		4.69036e-02
1.69000e+00		1.12947e+01		4.83084e-02
1.71000e+00		1.10001e+01		4.48076e-02
1.73000e+00		1.08540e+01		4.58765e-02
1.75000e+00		1.07231e+01		4.55974e-02
1.77000e+00		1.04692e+01		4.49399e-02
1.79000e+00		1.03903e+01		4.67960e-02
1.81000e+00		1.02387e+01		4.58561e-02
1.83000e+00		1.02674e+01		4.54613e-02
1.85000e+00		1.03879e+01		4.69372e-02
1.87000e+00		1.04360e+01		4.43661e-02
1.89000e+00		1.07473e+01		4.68787e-02
1.91000e+00		1.09724e+01		4.61308e-02
1.93000e+00		1.13146e+01		4.48048e-02
1.95000e+00		1.16371e+01		4.85231e-02
1.97000e+00		1.21283e+01		4.79005e-02
1.99000e+00		1.26495e+01		5.10831e-02
2.01000e+00		1.30751e+01		5.08878e-02
2.03000e+00		1.34308e+01		5.02941e-02
2.05000e+00		1.39650e+01		5.28698e-02
2.07000e+00		1.42028e+01		5.51423e-02
2.09000e+00		1.43159e+01		5.35593e-02
2.11000e+00		1.45247e+01		5.14698e-02
2.13000e+00		1.47180e+01		5.34645e-02
2.15000e+00		1.47468e+01		5.26399e-02
2.17000e+00		1.47028e+01		5.48853e-02
2.19000e+00		1.44872e+01		5.29226e-02
2.21000e+00		1.43053e+01		5.40528e-02
2.23000e+00		1.40533e+01		5.14334e-02
2.25000e+00		1.38971e+01		5.36249e-02
2.27000e+00		1.36054e+01		4.99452e-02
2.29000e+00		1.35570e+01		5.20783e-02
2.31000e+00		1.34435e+01		5.25027e-02
2.33000e+00		1.33847e+01		5.23526e-02
2.35000e+00		1.34371e+01		5.35082e-02
2.37000e+00		1.37029e+01		5.22623e-02
2.39000e+00		1.38883e+01		5.31511e-02
2.41000e+00		1.40985e+01		5.26826e-02
2.43000e+00		1.43635e+01		5.39572e-02
2.45000e+00		1.47985e+01		5.10773e-02
2.47000e+00		1.53511e+01		5.63337e-02
2.49000e+00		1.57080e+01		5.64913e-02
2.51000e+00		1.60830e+01		5.55101e-02
2.53000e+00		1.65999e+01		5.83164e-02
2.55000e+00		1.68808e+01		5.88470e-02
2.57000e+00		1.72951e+01		5.96990e-02
2.59000e+00		1.75148e+01		6.20610e-02
2.61000e+00		1.77453e+01		5.68703e-02
2.63000e+00		1.78293e+01		5.91989e-02
2.65000e+00		1.77937e+01		6.08754e-02
2.67000e+00		1.77359e+01		6.13122e-02
2.69000e+00		1.77318e+01		5.85605e-02
2.71000e+00		1.76213e+01		6.05297e-02
2.73000e+00		1.72343e+01		5.90873e-02
2.75000e+00		1.70134e+01		5.85346e-02
2.77000e+00		1.68030e+01		5.60513e-02
2.79000e+00		1.67061e+01		5.64570e-02
2.81000e+00		1.65921e+01		5.73400e-02
2.83000e+00		1.65706e+01		5.88500e-02
2.85000e+00		1.66876e+01		5.69317e-02
2.87000e+00		1.68415e+01		5.81071e-02
2.89000e+00		1.70401e+01		5.62605e-02
2.91000e+00		1.72898e+01		5.96733e-02
2.93000e+00		1.75007e+01		5.72859e-02
2.95000e+00		1.79344e+01		5.85869e-02
2.97000e+00		1.82192e+01		5.99883e-02
2.99000e+00		1.87841e+01		6.14066e-02
3.01000e+00		1.92156e+01		6.47174e-02
3.03000e+00		1.96427e+01		6.48798e-02
3.05000e+00		2.00402e+01		6.34235e-02
3.07000e+00		2.04766e+01		6.37072e-02
3.09000e+00		2.06374e+01		6.41512e-02
3.11000e+00		2.08665e+01		6.28802e-02
3.13000e+00		2.09741e+01		6.37355e-02
3.15000e+00		2.09825e+01		6.28810e-02
3.17000e+00		2.08511e+01		6.19715e-02
3.19000e+00		2.09517e+01		6.57630e-02
3.21000e+00		2.05329e+01		6.15522e-02
3.23000e+00		2.05182e+01		6.45736e-02
3.25000e+00		2.03274e+01		6.48350e-02
3.27000e+00		2.01227e+01		6.49213e-02
3.29000e+00		1.99502e+01		6.27819e-02
3.31000e+00		1.97465e+01		6.14589e-02
3.33000e+00		1.96961e+01		6.35489e-02
3.35000e+00		1.98549e+01		6.46955e-02
3.37000e+00		1.98580e+01		6.16914e-02
3.39000e+00		2.00947e+01		6.33440e-02
3.41000e+00		2.03303e+01		6.39667e-02
3.43000e+00		2.06346e+01		6.25495e-02
3.45000e+00		2.10720e+01		6.36626e-02
3.47000e+00		2.15334e+01		6.64884e-02
3.49000e+00		2.19979e+01		6.48746e-02
3.51000e+00		2.22989e+01		6.53994e-02
3.53000e+00		2.28507e+01		6.77597e-02
3.55000e+00		2.32482e+01		6.97673e-02
3.57000e+00		2.35650e+01		7.17192e-02
3.59000e+00		2.38678e+01		7.00433e-02
3.61000e+00		2.39457e+01		6.85480e-02
3.63000e+00		2.41645e+01		6.78531e-02
3.65000e+00		2.40856e+01		7.20135e-02
3.67000e+00		2.41754e+01		7.04929e-02
3.69000e+00		2.39408e+01		6.71551e-02
3.71000e+00		2.36795e+01		6.73699e-02
3.73000e+00		2.35904e+01		6.80376e-02
3.75000e+00		2.34656e+01		6.84083e-02
3.77000e+00		2.33111e+01		6.95049e-02
3.79000e+00		2.31329e+01		6.75944e-02
3.81000e+00		2.28835e+01		6.90693e-02
3.83000e+00		2.29597e+01		6.60164e-02
3.85000e+00		2.28983e+01		6.87036e-02
3.87000e+00		2.30564e+01		6.64463e-02
3.89000e+00		2.31343e+01		6.66526e-02
3.91000e+00		2.36476e+01		7.10634e-02
3.93000e+00		2.37853e+01		7.01032e-02
3.95000e+00		2.40551e+01		6.86347e-02
3.97000e+00		2.46184e+01		6.91930e-02
3.99000e+00		2.50142e+01		7.05101e-02
4.01000e+00		2.55369e+01		6.95514e-02
4.03000e+00		2.60076e+01		7.22527e-02
4.05000e+00		2.63653e+01		7.22684e-02
4.07000e+00		2.65391e+01		7.01682e-02
4.09000e+00		2.69776e+01		7.33457e-02
4.11000e+00		2.70773e+01		7.48834e-02
4.13000e+00		2.73499e+01		7.15669e-02
4.15000e+00		2.73470e+01		6.96189e-02
4.17000e+00		2.72538e+01		7.18767e-02
4.19000e+00		2.71679e+01		7.37408e-02
4.21000e+00		2.69427e+01		7.64347e-02
4.23000e+00		2.67257e+01		7.26493e-02
4.25000e+00		2.66262e+01		7.29926e-02
4.27000e+00		2.63918e+01		7.47242e-02
4.29000e+00		2.62223e+01		7.50397e-02
4.31000e+00		2.59981e+01		7.15876e-02
4.33000e+00		2.59434e+01		7.17251e-02
4.35000e+00		2.61063e+01		7.41835e-02
4.37000e+00		2.61924e+01		7.31298e-02
4.39000e+00		2.64135e+01		7.04494e-02
4.41000e+00		2.67272e+01		7.23396e-02
4.43000e+00		2.68880e+01		7.31831e-02
4.45000e+00		2.72964e+01		7.57441e-02
4.47000e+00		2.76410e+01		7.27712e-02
4.49000e+00		2.81670e+01		7.23797e-02
4.51000e+00		2.86897e+01		7.34616e-02
4.53000e+00		2.90491e+01		7.45346e-02
4.55000e+00		2.94121e+01		7.71975e-02
4.57000e+00		2.98100e+01		7.62526e-02
4.59000e+00		2.99332e+01		7.76458e-02
4.61000e+00		3.03975e+01		7.70259e-02
4.63000e+00		3.03448e+01		7.88794e-02
4.65000e+00		3.04706e+01		7.66503e-02
4.67000e+00		3.04180e+01		7.89300e-02
4.69000e+00		3.02680e+01		7.74714e-02
4.71000e+00		3.00694e+01		7.73427e-02
4.73000e+00		2.99531e+01		7.79119e-02
4.75000e+00		2.97635e+01		7.53380e-02
4.77000e+00		2.95031e+01		7.35773e-02
4.79000e+00		2.93613e+01		7.72083e-02
4.81000e+00		2.92599e+01		7.71190e-02
4.83000e+00		2.92759e+01		7.25847e-02
4.85000e+00		2.94091e+01		7.26736e-02
4.87000e+00		2.92519e+01		7.59126e-02
4.89000e+00		2.96351e+01		7.59317e-02
4.91000e+00		2.97754e+01		7.91348e-02
4.93000e+00		3.01143e+01		8.01819e-02
4.95000e+00		3.05258e+01		7.51001e-02
4.97000e+00		3.06702e+01		7.85937e-02
4.99000e+00		3.12785e+01		7.83105e-02
5.01000e+00		3.13202e+01		8.08072e-02
