# r	g(r)	sigma(g)
1.00000e-02		2.84807e-02		2.43719e-03
3.00000e-02		8.66714e-02		4.11972e-03
5.00000e-02		1.48550e-01		5.68590e-03
7.00000e-02		2.09814e-01		6.62940e-03
9.00000e-02		2.93822e-01		7.82608e-03
1.10000e-01		3.65126e-01		8.60665e-03
1.30000e-01		4.61428e-01		9.87609e-03
1.50000e-01		5.27405e-01		1.03743e-02
1.70000e-01		6.05266e-01		1.12446e-02
1.90000e-01		7.01567e-01		1.14958e-02
2.10000e-01		8.02172e-01		1.29571e-02
2.30000e-01		9.22651e-01		1.32427e-02
2.50000e-01		1.03534e+00		1.48805e-02
2.70000e-01		1.18185e+00		1.50430e-02
2.90000e-01		1.34330e+00		1.56752e-02
3.10000e-01		1.48735e+00		1.72036e-02
3.30000e-01		1.75146e+00		1.89013e-02
3.50000e-01		1.95185e+00		1.99905e-02
3.70000e-01		2.19506e+00		2.05341e-02
3.90000e-01		2.50302e+00		2.25889e-02
4.10000e-01		2.82082e+00		2.39846e-02
4.30000e-01		3.12120e+00		2.49527e-02
4.50000e-01		3.54595e+00		2.60140e-02
4.70000e-01		3.87501e+00		2.81056e-02
4.90000e-01		4.17088e+00		2.78778e-02
5.10000e-01		4.57207e+00		2.98264e-02
5.30000e-01		4.91363e+00		3.03854e-02
5.50000e-01		5.15603e+00		3.13679e-02
5.70000e-01		5.29126e+00		3.25269e-02
5.90000e-01		5.36502e+00		3.25863e-02
6.10000e-01		5.31790e+00		3.32753e-02
6.30000e-01		5.18615e+00		3.10763e-02
6.50000e-01		4.99416e+00		3.12998e-02
6.70000e-01		4.81139e+00		3.02568e-02
6.90000e-01		4.54461e+00		3.07812e-02
7.10000e-01		4.32701e+00		2.91252e-02
7.30000e-01		4.18010e+00		2.82135e-02
7.50000e-01		3.94877e+00		2.76834e-02
7.70000e-01		3.89980e+00		2.69241e-02
7.90000e-01		3.81354e+00		2.67549e-02
8.10000e-01		3.84776e+00		2.83736e-02
8.30000e-01		3.98443e+00		2.77190e-02
8.50000e-01		4.11228e+00		2.79535e-02
8.70000e-01		4.33849e+00		3.02548e-02
8.90000e-01		4.61961e+00		3.01633e-02
9.10000e-01		4.92449e+00		3.30527e-02
9.30000e-01		5.34248e+00		3.32485e-02
9.50000e-01		5.76293e+00		3.39162e-02
9.70000e-01		6.13810e+00		3.63992e-02
9.90000e-01		6.63948e+00		3.54362e-02
1.01000e+00		7.07468e+00		3.69809e-02
1.03000e+00		7.45436e+00		3.76623e-02
1.05000e+00		7.92746e+00		4.05424e-02
1.07000e+00		8.09609e+00		3.95899e-02
1.09000e+00		8.33746e+00		3.99295e-02
1.11000e+00		8.45856e+00		4.03560e-02
1.13000e+00		8.35754e+00		3.98486e-02
1.15000e+00		8.37701e+00		4.01988e-02
1.17000e+00		8.16105e+00		3.74802e-02
1.19000e+00		8.04384e+00		3.83808e-02
1.21000e+00		7.76990e+00		4.05207e-02
1.23000e+00		7.54820e+00		3.96564e-02
1.25000e+00		7.42096e+00		3.73669e-02
1.27000e+00		7.22549e+00		3.74884e-02
1.29000e+00		7.12939e+00		3.93742e-02
1.31000e+00		7.08759e+00		3.77241e-02
1.33000e+00		7.11156e+00		3.88887e-02
1.35000e+00		7.13697e+00		3.83637e-02
1.37000e+00		7.33470e+00		3.81472e-02
1.39000e+00		7.64389e+00		3.92379e-02
1.41000e+00		7.90677e+00		3.95969e-02
1.43000e+00		8.28337e+00		4.08368e-02
1.45000e+00		8.70505e+00		4.11418e-02
1.47000e+00		9.07120e+00		4.14803e-02
1.49000e+00		9.55373e+00		4.43087e-02
1.51000e+00		1.00361e+01		4.28264e-02
1.53000e+00		1.04499e+01		4.49258e-02
1.55000e+00		1.08370e+01		4.74697e-02
1.57000e+00		1.11591e+01		4.67973e-02
1.59000e+00		1.13263e+01		4.51655e-02
1.61000e+00		1.14232e+01		4.69385e-02
1.63000e+00		1.16027e+01		4.84605e-02
1.65000e+00		1.15339e+01		4.91981e-02
1.67000e+00		1.15099e+01		4.85419e-02
1.69000e+00		1.12870e+01		4.71447e-02
1.71000e+00		1.10519e+01		4.68920e-02
1.73000e+00		1.08483e+01		4.60773e-02
1.75000e+00		1.06426e+01		4.71576e-02
1.77000e+00		1.05040e+01		4.54946e-02
1.79000e+00		1.03467e+01		4.53082e-02
1.81000e+00		1.02008e+01		4.50740e-02
1.83000e+00		1.03670e+01		4.51511e-02
1.85000e+00		1.03993e+01		4.67181e-02
1.87000e+00		1.04596e+01		4.72382e-02
1.89000e+00		1.07729e+01		4.74262e-02
1.91000e+00		1.09925e+01		4.67546e-02
1.93000e+00		1.12628e+01		4.77383e-02
1.95000e+00		1.17088e+01		4.71871e-02
1.97000e+00		1.21467e+01		5.06547e-02
1.99000e+00		1.25188e+01		5.01155e-02
2.01000e+00		1.30067e+01		4.99683e-02
2.03000e+00		1.34650e+01		5.13369e-02
2.05000e+00		1.38930e+01		5.20646e-02
2.07000e+00		1.41701e+01		5.15365e-02
2.09000e+00		1.44438e+01		5.47283e-02
2.11000e+00		1.45692e+01		5.31770e-02
2.13000e+00		1.46798e+01		5.48521e-02
2.15000e+00		1.45960e+01		5.51489e-02
2.17000e+00		1.44823e+01		5.41714e-02
2.19000e+00		1.44295e+01		5.31071e-02
2.21000e+00		1.42780e+01		5.42513e-02
2.23000e+00		1.40789e+01		5.45506e-02
2.25000e+00		1.39684e+01		5.20551e-02
2.27000e+00		1.37383e+01		5.17576e-02
2.29000e+00		1.36918e+01		5.21347e-02
2.31000e+00		1.34935e+01		5.21973e-02
2.33000e+00		1.34064e+01		5.09365e-02
2.35000e+00		1.35078e+01		5.19564e-02
2.37000e+00		1.37043e+01		5.19954e-02
2.39000e+00		1.37654e+01		4.90414e-02
2.41000e+00		1.40996e+01		5.33769e-02
2.43000e+00		1.43768e+01		5.08584e-02
2.45000e+00		1.48526e+01		5.51588e-02
2.47000e+00		1.52747e+01		5.24657e-02
2.49000e+00		1.57873e+01		5.57526e-02
2.51000e+00		1.61692e+01		5.80569e-02
2.53000e+00		1.65313e+01		5.65877e-02
2.55000e+00		1.69419e+01		5.63415e-02
2.57000e+00		1.72816e+01		5.90563e-02
2.59000e+00		1.75214e+01		5.81440e-02
2.61000e+00		1.77097e+01		5.86928e-02
2.63000e+00		1.78455e+01		5.84780e-02
2.65000e+00		1.78447e+01		6.09527e-02
2.67000e+00		1.77426e+01		6.10560e-02
2.69000e+00		1.77019e+01		5.92799e-02
2.71000e+00		1.73785e+01		5.75560e-02
2.73000e+00		1.72452e+01		5.80241e-02
2.75000e+00		1.70915e+01		5.68091e-02
2.77000e+00		1.68772e+01		5.92634e-02
2.79000e+00		1.66897e+01		6.00072e-02
2.81000e+00		1.67737e+01		5.54909e-02
2.83000e+00		1.65567e+01		5.67476e-02
2.85000e+00		1.67253e+01		5.59190e-02
2.87000e+00		1.66417e+01		5.66340e-02
2.89000e+00		1.71052e+01		5.83080e-02
2.91000e+00		1.72921e+01		6.05414e-02
2.93000e+00		1.74373e+01		5.73717e-02
2.95000e+00		1.78955e+01		5.94005e-02
2.97000e+00		1.84239e+01		6.13385e-02
2.99000e+00		1.87987e+01		6.12623e-02
3.01000e+00		1.92849e+01		5.99810e-02
3.03000e+00		1.97529e+01		6.23125e-02
3.05000e+00		2.01285e+01		6.56825e-02
3.07000e+00		2.03579e+01		6.51979e-02
3.09000e+00		2.05348e+01		6.52244e-02
3.11000e+00		2.08349e+01		6.32236e-02
3.13000e+00		2.10620e+01		6.76020e-02
3.15000e+00		2.08724e+01		6.65147e-02
3.17000e+00		2.08899e+01		6.36892e-02
3.19000e+00		2.06932e+01		6.27182e-02
3.21000e+00		2.07499e+01		6.12409e-02
3.23000e+00		2.05606e+01		6.44094e-02
3.25000e+00		2.02053e+01		6.48809e-02
3.27000e+00		2.00764e+01		6.08755e-02
3.29000e+00		1.99543e+01		6.44423e-02
3.31000e+00		1.99035e+01		6.41974e-02
3.33000e+00		1.97236e+01		6.10040e-02
3.35000e+00		1.98889e+01		6.26106e-02
3.37000e+00		1.99182e+01		6.47721e-02
3.39000e+00		2.00531e+01		6.15554e-02
3.41000e+00		2.02391e+01		6.36418e-02
3.43000e+00		2.06827e+01		6.59063e-02
3.45000e+00		2.10220e+01		6.50178e-02
3.47000e+00		2.14406e+01		6.69417e-02
3.49000e+00		2.18371e+01		6.66159e-02
3.51000e+00		2.23643e+01		6.73218e-02
3.53000e+00		2.26942e+01		6.95872e-02
3.55000e+00		2.31613e+01		6.99262e-02
3.57000e+00		2.35371e+01		6.93454e-02
3.59000e+00		2.37928e+01		6.89348e-02
3.61000e+00		2.40656e+01		7.18282e-02
3.63000e+00		2.40281e+01		6.88891e-02
3.65000e+00		2.41633e+01		7.29867e-02
3.67000e+00		2.40365e+01		6.95375e-02
3.69000e+00		2.39154e+01		6.80093e-02
3.71000e+00		2.38082e+01		6.64955e-02
3.73000e+00		2.35603e+01		6.86629e-02
3.75000e+00		2.35029e+01		6.98960e-02
3.77000e+00		2.32956e+01		6.70872e-02
3.79000e+00		2.30511e+01		6.61334e-02
3.81000e+00		2.29913e+01		6.67621e-02
3.83000e+00		2.29573e+01		6.58350e-02
3.85000e+00		2.29980e+01		6.87911e-02
3.87000e+00		2.29294e+01		6.86033e-02
3.89000e+00		2.32290e+01		6.73476e-02
3.91000e+00		2.34500e+01		7.09189e-02
3.93000e+00		2.38627e+01		7.13708e-02
3.95000e+00		2.42832e+01		7.33260e-02
3.97000e+00		2.45805e+01		7.09814e-02
3.99000e+00		2.50536e+01		7.11177e-02
4.01000e+00		2.53828e+01		7.18852e-02
4.03000e+00		2.59199e+01		6.96523e-02
4.05000e+00		2.62969e+01		7.35379e-02
4.07000e+00		2.65528e+01		7.39593e-02
4.09000e+00		2.68964e+01		7.44537e-02
4.11000e+00		2.71956e+01		7.52135e-02
4.13000e+00		2.72077e+01		7.30637e-02
4.15000e+00		2.74392e+01		7.11760e-02
4.17000e+00		2.72152e+01		7.21193e-02
4.19000e+00		2.71122e+01		7.34837e-02
4.21000e+00		2.69347e+01		7.22024e-02
4.23000e+00		2.69003e+01		7.46216e-02
4.25000e+00		2.65008e+01		7.64766e-02
4.27000e+00		2.64264e+01		7.27012e-02
4.29000e+00		2.62061e+01		7.17364e-02
4.31000e+00		2.61752e+01		7.14002e-02
4.33000e+00		2.60039e+01		7.37643e-02
4.35000e+00		2.61537e+01		7.13967e-02
4.37000e+00		2.62702e+01		6.97852e-02
4.39000e+00		2.64120e+01		7.08102e-02
4.41000e+00		2.65346e+01		7.45837e-02
4.43000e+00		2.69786e+01		7.62357e-02
4.45000e+00		2.72259e+01		7.44137e-02
4.47000e+00		2.77715e+01		7.36879e-02
4.49000e+00		2.81703e+01		7.50889e-02
4.51000e+00		2.85764e+01		7.85458e-02
4.53000e+00		2.90536e+01		7.68935e-02
4.55000e+00		2.95431e+01		7.73305e-02
4.57000e+00		2.97467e+01		7.45680e-02
4.59000e+00		3.01225e+01		7.92873e-02
4.61000e+00		3.02647e+01		7.75268e-02
4.63000e+00		3.03899e+01		7.73812e-02
4.65000e+00		3.04036e+01		7.73864e-02
4.67000e+00		3.04501e+01		7.71473e-02
4.69000e+00		3.02350e+01		7.59721e-02
4.71000e+00		3.01135e+01		7.56581e-02
4.73000e+00		2.98518e+01		7.71299e-02
4.75000e+00		2.97017e+01		7.80923e-02
4.77000e+00		2.95494e+01		7.57964e-02
4.79000e+00		2.94767e+01		7.34559e-02
4.81000e+00		2.93314e+01		7.92737e-02
4.83000e+00		2.90857e+01		7.55047e-02
4.85000e+00		2.93849e+01		7.88361e-02
4.87000e+00		2.93828e+01		7.39508e-02
4.89000e+00		2.95654e+01		7.88353e-02
4.91000e+00		2.97916e+01		7.55790e-02
4.93000e+00		3.01924e+01		7.60898e-02
4.95000e+00		3.03129e+01		7.93244e-02
4.97000e+00		3.09081e+01		7.73634e-02
4.99000e+00		3.12601e+01		7.95813e-02
5.01000e+00		3.13491e+01		7.81655e-02
