# r	g(r)	sigma(g)
1.00000e-02		3.66766e-02		2.75383e-03
3.00000e-02		1.08186e-01		4.77194e-03
5.00000e-02		1.74572e-01		5.82702e-03
7.00000e-02		2.50794e-01		6.99263e-03
9.00000e-02		3.02838e-01		8.00791e-03
1.10000e-01		3.76396e-01		8.52811e-03
1.30000e-01		4.62043e-01		9.52410e-03
1.50000e-01		5.33347e-01		1.07076e-02
1.70000e-01		6.15715e-01		1.11735e-02
1.90000e-01		7.06485e-01		1.18366e-02
2.10000e-01		8.03811e-01		1.23884e-02
2.30000e-01		9.23061e-01		1.34625e-02
2.50000e-01		1.06034e+00		1.43221e-02
2.70000e-01		1.16771e+00		1.50656e-02
2.90000e-01		1.35601e+00		1.65924e-02
3.10000e-01		1.52156e+00		1.73927e-02
3.30000e-01		1.71868e+00		1.89513e-02
3.50000e-01		1.94918e+00		1.90231e-02
3.70000e-01		2.21145e+00		2.09030e-02
3.90000e-01		2.47679e+00		2.23463e-02
4.10000e-01		2.79008e+00		2.36275e-02
4.30000e-01		3.08063e+00		2.46068e-02
4.50000e-01		3.50005e+00		2.62683e-02
4.70000e-01		3.85739e+00		2.66632e-02
4.90000e-01		4.24813e+00		2.86400e-02
5.10000e-01		4.55814e+00		2.88553e-02
5.30000e-01		4.91138e+00		3.23292e-02
5.50000e-01		5.20889e+00		3.32778e-02
5.70000e-01		5.33224e+00		3.17574e-02
5.90000e-01		5.43674e+00		3.11882e-02
6.10000e-01		5.38387e+00		3.30436e-02
6.30000e-01		5.25663e+00		3.29621e-02
6.50000e-01		4.98453e+00		3.13608e-02
6.70000e-01		4.77041e+00		3.15882e-02
6.90000e-01		4.55855e+00		2.96774e-02
7.10000e-01		4.30161e+00		2.80402e-02
7.30000e-01		4.04979e+00		2.86532e-02
7.50000e-01		3.91128e+00		2.73646e-02
7.70000e-01		3.79736e+00		2.78596e-02
7.90000e-01		3.77809e+00		2.82758e-02
8.10000e-01		3.79346e+00		2.79964e-02
8.30000e-01		3.89653e+00		2.82236e-02
8.50000e-01		4.04835e+00		2.91258e-02
8.70000e-01		4.24833e+00		3.10450e-02
8.90000e-01		4.60731e+00		2.92052e-02
9.10000e-01		4.90667e+00		3.23839e-02
9.30000e-01		5.26032e+00		3.28784e-02
9.50000e-01		5.74121e+00		3.41687e-02
9.70000e-01		6.22538e+00		3.33459e-02
9.90000e-01		6.65341e+00		3.57804e-02
1.01000e+00		7.06157e+00		3.67006e-02
1.03000e+00		7.48693e+00		3.85935e-02
1.05000e+00		7.94324e+00		4.04069e-02
1.07000e+00		8.15633e+00		3.92931e-02
1.09000e+00		8.40795e+00		4.08917e-02
1.11000e+00		8.49626e+00		4.13064e-02
1.13000e+00		8.61920e+00		3.95028e-02
1.15000e+00		8.38111e+00		4.15574e-02
1.17000e+00		8.31902e+00		4.04280e-02
1.19000e+00		8.08646e+00		4.05985e-02
1.21000e+00		7.79571e+00		3.80098e-02
1.23000e+00		7.59614e+00		3.90256e-02
1.25000e+00		7.42895e+00		3.76088e-02
1.27000e+00		7.21135e+00		3.75084e-02
1.29000e+00		7.00420e+00		3.77704e-02
1.31000e+00		7.04518e+00		3.66786e-02
1.33000e+00		7.03145e+00		3.72941e-02
1.35000e+00		7.13513e+00		3.68158e-02
1.37000e+00		7.32117e+00		3.96467e-02
1.39000e+00		7.53242e+00		3.93842e-02
1.41000e+00		7.84161e+00		3.88813e-02
1.43000e+00		8.17436e+00		4.17131e-02
1.45000e+00		8.57555e+00		4.03672e-02
1.47000e+00		9.10767e+00		4.24685e-02
1.49000e+00		9.51460e+00		4.31983e-02
1.51000e+00		1.00217e+01		4.46208e-02
1.53000e+00		1.04325e+01		4.66431e-02
1.55000e+00		1.08565e+01		4.71864e-02
1.57000e+00		1.11933e+01		4.66925e-02
1.59000e+00		1.15171e+01		4.91316e-02
1.61000e+00		1.15435e+01		4.86566e-02
1.63000e+00		1.16765e+01		4.82329e-02
1.65000e+00		1.17414e+01		4.72573e-02
1.67000e+00		1.16797e+01		4.83641e-02
1.69000e+00		1.12796e+01		4.64644e-02
1.71000e+00		1.11337e+01		4.84655e-02
1.73000e+00		1.09159e+01		4.80903e-02
1.75000e+00		1.07346e+01		4.48343e-02
1.77000e+00		1.05104e+01		4.48241e-02
1.79000e+00		1.03200e+01		4.54048e-02
1.81000e+00		1.02188e+01		4.63486e-02
1.83000e+00		1.03278e+01		4.63528e-02
1.85000e+00		1.03104e+01		4.37669e-02
1.87000e+00		1.04639e+01		4.37849e-02
1.89000e+00		1.06434e+01		4.66790e-02
1.91000e+00		1.09983e+01		4.68374e-02
1.93000e+00		1.12556e+01		4.83085e-02
1.95000e+00		1.17707e+01		4.86751e-02
1.97000e+00		1.21955e+01		4.92953e-02
1.99000e+00		1.26301e+01		4.86544e-02
2.01000e+00		1.29798e+01		5.17103e-02
2.03000e+00		1.34224e+01		5.26109e-02
2.05000e+00		1.38697e+01		5.16031e-02
2.07000e+00		1.42362e+01		5.33941e-02
2.09000e+00		1.42948e+01		5.26592e-02
2.11000e+00		1.45551e+01		5.62179e-02
2.13000e+00		1.46696e+01		5.34277e-02
2.15000e+00		1.47192e+01		5.45656e-02
2.17000e+00		1.45719e+01		5.44585e-02
2.19000e+00		1.44719e+01		5.46377e-02
2.21000e+00		1.43221e+01		5.55488e-02
2.23000e+00		1.41047e+01		5.25386e-02
2.25000e+00		1.40885e+01		5.24181e-02
2.27000e+00		1.38119e+01		5.27231e-02
2.29000e+00		1.36886e+01		5.15873e-02
2.31000e+00		1.35505e+01		5.30947e-02
2.33000e+00		1.35193e+01		5.48856e-02
2.35000e+00		1.34763e+01		5.28775e-02
2.37000e+00		1.37174e+01		5.25624e-02
2.39000e+00		1.38564e+01		5.35700e-02
2.41000e+00		1.42172e+01		5.32540e-02
2.43000e+00		1.44713e+01		5.44156e-02
2.45000e+00		1.48538e+01		5.53363e-02
2.47000e+00		1.52132e+01		5.57674e-02
2.49000e+00		1.56150e+01		5.52198e-02
2.51000e+00		1.61928e+01		5.74865e-02
2.53000e+00		1.64262e+01		5.68933e-02
2.55000e+00		1.69501e+01		5.77940e-02
2.57000e+00		1.72464e+01		5.68908e-02
2.59000e+00		1.75240e+01		5.94898e-02
2.61000e+00		1.76129e+01		5.88410e-02
2.63000e+00		1.78271e+01		5.89582e-02
2.65000e+00		1.77277e+01		5.82118e-02
2.67000e+00		1.77756e+01		5.73575e-02
2.69000e+00		1.78207e+01		6.12297e-02
2.71000e+00		1.74382e+01		6.16205e-02
2.73000e+00		1.72718e+01		5.89668e-02
2.75000e+00		1.71861e+01		5.81834e-02
2.77000e+00		1.70173e+01		5.75266e-02
2.79000e+00		1.68647e+01		5.79561e-02
2.81000e+00		1.67690e+01		5.59499e-02
2.83000e+00		1.66130e+01		5.71056e-02
2.85000e+00		1.66942e+01		5.81675e-02
2.87000e+00		1.68339e+01		5.64809e-02
2.89000e+00		1.69194e+01		5.90577e-02
2.91000e+00		1.71552e+01		5.76050e-02
2.93000e+00		1.77728e+01		5.70652e-02
2.95000e+00		1.78930e+01		5.96745e-02
2.97000e+00		1.84129e+01		6.21890e-02
2.99000e+00		1.88005e+01		6.09603e-02
3.01000e+00		1.91919e+01		6.15889e-02
3.03000e+00		1.96724e+01		6.28919e-02
3.05000e+00		1.99678e+01		6.30722e-02
3.07000e+00		2.03090e+01		6.32352e-02
3.09000e+00		2.05581e+01		6.43926e-02
3.11000e+00		2.09202e+01		6.47739e-02
3.13000e+00		2.08606e+01		6.74961e-02
3.15000e+00		2.09616e+01		6.57643e-02
3.17000e+00		2.07934e+01		6.14846e-02
3.19000e+00		2.08577e+01		6.41558e-02
3.21000e+00		2.06360e+01		6.42019e-02
3.23000e+00		2.04827e+01		6.53025e-02
3.25000e+00		2.02686e+01		6.49425e-02
3.27000e+00		1.99496e+01		6.49774e-02
3.29000e+00		2.00240e+01		6.10600e-02
3.31000e+00		1.99121e+01		6.12874e-02
3.33000e+00		1.98703e+01		6.31352e-02
3.35000e+00		1.99676e+01		6.15692e-02
3.37000e+00		2.00654e+01		6.21471e-02
3.39000e+00		2.01912e+01		6.31296e-02
3.41000e+00		2.03682e+01		6.33392e-02
3.43000e+00		2.08091e+01		6.42463e-02
3.45000e+00		2.10052e+01		6.72315e-02
3.47000e+00		2.13851e+01		6.31248e-02
3.49000e+00		2.20334e+01		6.86350e-02
3.51000e+00		2.23055e+01		6.53755e-02
3.53000e+00		2.25858e+01		6.60243e-02
3.55000e+00		2.30773e+01		6.84531e-02
3.57000e+00		2.35123e+01		6.79690e-02
3.59000e+00		2.37711e+01		6.85699e-02
3.61000e+00		2.39016e+01		6.93253e-02
3.63000e+00		2.41065e+01		6.94340e-02
3.65000e+00		2.41504e+01		6.88164e-02
3.67000e+00		2.41217e+01		6.89669e-02
3.69000e+00		2.40156e+01		6.78038e-02
3.71000e+00		2.39250e+01		6.78036e-02
3.73000e+00		2.37021e+01		7.05098e-02
3.75000e+00		2.33634e+01		6.99555e-02
3.77000e+00		2.31749e+01		7.03607e-02
3.79000e+00		2.30542e+01		7.03953e-02
3.81000e+00		2.29939e+01		6.86276e-02
3.83000e+00		2.29415e+01		6.59509e-02
3.85000e+00		2.30130e+01		6.84285e-02
3.87000e+00		2.30066e+01		6.84941e-02
3.89000e+00		2.32072e+01		6.81857e-02
3.91000e+00		2.35566e+01		6.85672e-02
3.93000e+00		2.39207e+01		7.01931e-02
3.95000e+00		2.41061e+01		6.60888e-02
3.97000e+00		2.43971e+01		6.78263e-02
3.99000e+00		2.49585e+01		7.19327e-02
4.01000e+00		2.54201e+01		7.39885e-02
4.03000e+00		2.58523e+01		7.09685e-02
4.05000e+00		2.63622e+01		7.22469e-02
4.07000e+00		2.66977e+01		7.29648e-02
4.09000e+00		2.69521e+01		7.38019e-02
4.11000e+00		2.70204e+01		7.14210e-02
4.13000e+00		2.72101e+01		7.50101e-02
4.15000e+00		2.72294e+01		7.47001e-02
4.17000e+00		2.71724e+01		7.39661e-02
4.19000e+00		2.70599e+01		7.38146e-02
4.21000e+00		2.69642e+01		7.41427e-02
4.23000e+00		2.68311e+01		7.15516e-02
4.25000e+00		2.67626e+01		7.38842e-02
4.27000e+00		2.64835e+01		7.31462e-02
4.29000e+00		2.64124e+01		7.58061e-02
4.31000e+00		2.61684e+01		7.33671e-02
4.33000e+00		2.61291e+01		7.00123e-02
4.35000e+00		2.61680e+01		7.27309e-02
4.37000e+00		2.63213e+01		7.19440e-02
4.39000e+00		2.62729e+01		6.96683e-02
4.41000e+00		2.66374e+01		7.37625e-02
4.43000e+00		2.69939e+01		7.36280e-02
4.45000e+00		2.71616e+01		7.25371e-02
4.47000e+00		2.76211e+01		7.37104e-02
4.49000e+00		2.80291e+01		7.42640e-02
4.51000e+00		2.84323e+01		7.28866e-02
4.53000e+00		2.89556e+01		7.67152e-02
4.55000e+00		2.92716e+01		7.65243e-02
4.57000e+00		2.97361e+01		7.61922e-02
4.59000e+00		2.98756e+01		7.76443e-02
4.61000e+00		3.00588e+01		7.98195e-02
4.63000e+00		3.02159e+01		7.78941e-02
4.65000e+00		3.03456e+01		7.46596e-02
4.67000e+00		3.04467e+01		7.78840e-02
4.69000e+00		3.02215e+01		7.95501e-02
4.71000e+00		3.02248e+01		8.01804e-02
4.73000e+00		2.98873e+01		7.65974e-02
4.75000e+00		2.97717e+01		7.82664e-02
4.77000e+00		2.96732e+01		7.68172e-02
4.79000e+00		2.94123e+01		7.70573e-02
4.81000e+00		2.93769e+01		7.75114e-02
4.83000e+00		2.92874e+01		7.84270e-02
4.85000e+00		2.93916e+01		7.62330e-02
4.87000e+00		2.93437e+01		7.42837e-02
4.89000e+00		2.95998e+01		7.46607e-02
4.91000e+00		2.99219e+01		7.51152e-02
4.93000e+00		2.99924e+01		8.15921e-02
4.95000e+00		3.06091e+01		7.48700e-02
4.97000e+00		3.07585e+01		8.06721e-02
4.99000e+00		3.12585e+01		7.81481e-02
5.01000e+00		3.11076e+01		8.00442e-02
