# r	g(r)	sigma(g)
1.00000e-02		3.21688e-02		2.57635e-03
3.00000e-02		8.91302e-02		4.42247e-03
5.00000e-02		1.57361e-01		5.65686e-03
7.00000e-02		2.19445e-01		6.74099e-03
9.00000e-02		2.95871e-01		7.66600e-03
1.10000e-01		3.73117e-01		8.68208e-03
1.30000e-01		4.39504e-01		9.54807e-03
1.50000e-01		5.06300e-01		1.01532e-02
1.70000e-01		5.80268e-01		1.07112e-02
1.90000e-01		6.96445e-01		1.15601e-02
2.10000e-01		8.10572e-01		1.23958e-02
2.30000e-01		9.24290e-01		1.33550e-02
2.50000e-01		1.02571e+00		1.47452e-02
2.70000e-01		1.18553e+00		1.56019e-02
2.90000e-01		1.35908e+00		1.56017e-02
3.10000e-01		1.50640e+00		1.73500e-02
3.30000e-01		1.72277e+00		1.84242e-02
3.50000e-01		1.96763e+00		1.95844e-02
3.70000e-01		2.25346e+00		2.12226e-02
3.90000e-01		2.52228e+00		2.19012e-02
4.10000e-01		2.80094e+00		2.42831e-02
4.30000e-01		3.11423e+00		2.45603e-02
4.50000e-01		3.48858e+00		2.54561e-02
4.70000e-01		3.94119e+00		2.83059e-02
4.90000e-01		4.21924e+00		2.79595e-02
5.10000e-01		4.56060e+00		2.98582e-02
5.30000e-01		4.90933e+00		2.97980e-02
5.50000e-01		5.17959e+00		3.25537e-02
5.70000e-01		5.28450e+00		3.10987e-02
5.90000e-01		5.39637e+00		3.24663e-02
6.10000e-01		5.31851e+00		3.14164e-02
6.30000e-01		5.19291e+00		3.18874e-02
6.50000e-01		5.04620e+00		3.04567e-02
6.70000e-01		4.84274e+00		3.05270e-02
6.90000e-01		4.58887e+00		3.06022e-02
7.10000e-01		4.36287e+00		2.81548e-02
7.30000e-01		4.20059e+00		2.96320e-02
7.50000e-01		3.98750e+00		2.88235e-02
7.70000e-01		3.87214e+00		2.71704e-02
7.90000e-01		3.82727e+00		2.71267e-02
8.10000e-01		3.87235e+00		2.71278e-02
8.30000e-01		3.94324e+00		2.82519e-02
8.50000e-01		4.07704e+00		2.83797e-02
8.70000e-01		4.37455e+00		2.98456e-02
8.90000e-01		4.62084e+00		2.99234e-02
9.10000e-01		4.91179e+00		3.20980e-02
9.30000e-01		5.32896e+00		3.05437e-02
9.50000e-01		5.73957e+00		3.34063e-02
9.70000e-01		6.17805e+00		3.33634e-02
9.90000e-01		6.65464e+00		3.57513e-02
1.01000e+00		7.08964e+00		3.67175e-02
1.03000e+00		7.51644e+00		3.87808e-02
1.05000e+00		7.87071e+00		3.98375e-02
1.07000e+00		8.13728e+00		3.90558e-02
1.09000e+00		8.18072e+00		4.03926e-02
1.11000e+00		8.42331e+00		4.18897e-02
1.13000e+00		8.41348e+00		4.05660e-02
1.15000e+00		8.30509e+00		4.09454e-02
1.17000e+00		8.23809e+00		4.03366e-02
1.19000e+00		7.95123e+00		3.78684e-02
1.21000e+00		7.77994e+00		3.98904e-02
1.23000e+00		7.58344e+00		3.75193e-02
1.25000e+00		7.42219e+00		3.78319e-02
1.27000e+00		7.27569e+00		3.89507e-02
1.29000e+00		7.13185e+00		3.70315e-02
1.31000e+00		7.12550e+00		3.84333e-02
1.33000e+00		7.11525e+00		3.75293e-02
1.35000e+00		7.20909e+00		3.85435e-02
1.37000e+00		7.34986e+00		3.93002e-02
1.39000e+00		7.66458e+00		3.87722e-02
1.41000e+00		7.95533e+00		3.89330e-02
1.43000e+00		8.25878e+00		3.98945e-02
1.45000e+00		8.69255e+00		4.16916e-02
1.47000e+00		8.99088e+00		4.28321e-02
1.49000e+00		9.59881e+00		4.17123e-02
1.51000e+00		9.98647e+00		4.57742e-02
1.53000e+00		1.03940e+01		4.54949e-02
1.55000e+00		1.07657e+01		4.80197e-02
1.57000e+00		1.11820e+01		4.72591e-02
1.59000e+00		1.13380e+01		4.60120e-02
1.61000e+00		1.14648e+01		4.90835e-02
1.63000e+00		1.15912e+01		4.82840e-02
1.65000e+00		1.14675e+01		4.77750e-02
1.67000e+00		1.14988e+01		4.92499e-02
1.69000e+00		1.11583e+01		4.85134e-02
1.71000e+00		1.10485e+01		4.70614e-02
1.73000e+00		1.08388e+01		4.71366e-02
1.75000e+00		1.06518e+01		4.67135e-02
1.77000e+00		1.05737e+01		4.60327e-02
1.79000e+00		1.03379e+01		4.51577e-02
1.81000e+00		1.03397e+01		4.57881e-02
1.83000e+00		1.03459e+01		4.67098e-02
1.85000e+00		1.04676e+01		4.67268e-02
1.87000e+00		1.04967e+01		4.66182e-02
1.89000e+00		1.08018e+01		4.84909e-02
1.91000e+00		1.09640e+01		4.73562e-02
1.93000e+00		1.12720e+01		4.62399e-02
1.95000e+00		1.17017e+01		4.66153e-02
1.97000e+00		1.21961e+01		4.77052e-02
1.99000e+00		1.26737e+01		5.07661e-02
2.01000e+00		1.30501e+01		5.25625e-02
2.03000e+00		1.34632e+01		5.07297e-02
2.05000e+00		1.38973e+01		5.32706e-02
2.07000e+00		1.41969e+01		5.56965e-02
2.09000e+00		1.44377e+01		5.46713e-02
2.11000e+00		1.45417e+01		5.09154e-02
2.13000e+00		1.46200e+01		5.22233e-02
2.15000e+00		1.46544e+01		5.43693e-02
2.17000e+00		1.45131e+01		5.23709e-02
2.19000e+00		1.44307e+01		5.58604e-02
2.21000e+00		1.42319e+01		5.17800e-02
2.23000e+00		1.41412e+01		5.28358e-02
2.25000e+00		1.38672e+01		5.13228e-02
2.27000e+00		1.36822e+01		5.05573e-02
2.29000e+00		1.36752e+01		5.35250e-02
2.31000e+00		1.34505e+01		5.36631e-02
2.33000e+00		1.33968e+01		5.11378e-02
2.35000e+00		1.35750e+01		5.19611e-02
2.37000e+00		1.36105e+01		5.21223e-02
2.39000e+00		1.37541e+01		5.32611e-02
2.41000e+00		1.40674e+01		5.41723e-02
2.43000e+00		1.44229e+01		5.56470e-02
2.45000e+00		1.47972e+01		5.33800e-02
2.47000e+00		1.52286e+01		5.36093e-02
2.49000e+00		1.56312e+01		5.55269e-02
2.51000e+00		1.62369e+01		5.90082e-02
2.53000e+00		1.67046e+01		5.84884e-02
2.55000e+00		1.69464e+01		5.85796e-02
2.57000e+00		1.72208e+01		5.75688e-02
2.59000e+00		1.76474e+01		6.06523e-02
2.61000e+00		1.76996e+01		6.03408e-02
2.63000e+00		1.77674e+01		5.95357e-02
2.65000e+00		1.77803e+01		5.91092e-02
2.67000e+00		1.78232e+01		6.07649e-02
2.69000e+00		1.75941e+01		5.98491e-02
2.71000e+00		1.75091e+01		5.74925e-02
2.73000e+00		1.72949e+01		5.96848e-02
2.75000e+00		1.70407e+01		5.88725e-02
2.77000e+00		1.68989e+01		5.58558e-02
2.79000e+00		1.67829e+01		5.63113e-02
2.81000e+00		1.66260e+01		5.73739e-02
2.83000e+00		1.65194e+01		5.77968e-02
2.85000e+00		1.68354e+01		5.73100e-02
2.87000e+00		1.67983e+01		5.89146e-02
2.89000e+00		1.68960e+01		5.89938e-02
2.91000e+00		1.71769e+01		5.86492e-02
2.93000e+00		1.75359e+01		5.95277e-02
2.95000e+00		1.79135e+01		6.09229e-02
2.97000e+00		1.85217e+01		5.94290e-02
2.99000e+00		1.88200e+01		6.21019e-02
3.01000e+00		1.92193e+01		6.19192e-02
3.03000e+00		1.96279e+01		6.09057e-02
3.05000e+00		2.01696e+01		6.48320e-02
3.07000e+00		2.03243e+01		6.64705e-02
3.09000e+00		2.06184e+01		6.24794e-02
3.11000e+00		2.08399e+01		6.55978e-02
3.13000e+00		2.10464e+01		6.74411e-02
3.15000e+00		2.09866e+01		6.51991e-02
3.17000e+00		2.09415e+01		6.46856e-02
3.19000e+00		2.07280e+01		6.45283e-02
3.21000e+00		2.06721e+01		6.51675e-02
3.23000e+00		2.05462e+01		6.33802e-02
3.25000e+00		2.01313e+01		6.41345e-02
3.27000e+00		2.01465e+01		6.38104e-02
3.29000e+00		1.99115e+01		6.11351e-02
3.31000e+00		1.98215e+01		6.15473e-02
3.33000e+00		1.98205e+01		6.34755e-02
3.35000e+00		1.98666e+01		6.32071e-02
3.37000e+00		1.99076e+01		6.23559e-02
3.39000e+00		2.01297e+01		6.56343e-02
3.41000e+00		2.02592e+01		6.21143e-02
3.43000e+00		2.07102e+01		6.37966e-02
3.45000e+00		2.09919e+01		6.37428e-02
3.47000e+00		2.13943e+01		6.57392e-02
3.49000e+00		2.18650e+01		6.51257e-02
3.51000e+00		2.22844e+01		6.62261e-02
3.53000e+00		2.29478e+01		7.02419e-02
3.55000e+00		2.31616e+01		6.65083e-02
3.57000e+00		2.35814e+01		6.93298e-02
3.59000e+00		2.37592e+01		7.20296e-02
3.61000e+00		2.39602e+01		6.85979e-02
3.63000e+00		2.41768e+01		7.00725e-02
3.65000e+00		2.42873e+01		7.07510e-02
3.67000e+00		2.39789e+01		6.98055e-02
3.69000e+00		2.40383e+01		6.75668e-02
3.71000e+00		2.38092e+01		6.75812e-02
3.73000e+00		2.35074e+01		6.68628e-02
3.75000e+00		2.33386e+01		6.78197e-02
3.77000e+00		2.31036e+01		6.93425e-02
3.79000e+00		2.31388e+01		6.69327e-02
3.81000e+00		2.31312e+01		6.63521e-02
3.83000e+00		2.29485e+01		6.71659e-02
3.85000e+00		2.27563e+01		6.82299e-02
3.87000e+00		2.30939e+01		6.59327e-02
3.89000e+00		2.31427e+01		6.85662e-02
3.91000e+00		2.35925e+01		6.62240e-02
3.93000e+00		2.39762e+01		6.90540e-02
3.95000e+00		2.41793e+01		6.98455e-02
3.97000e+00		2.45987e+01		6.81835e-02
3.99000e+00		2.50472e+01		7.04008e-02
4.01000e+00		2.54785e+01		7.07209e-02
4.03000e+00		2.59723e+01		7.17387e-02
4.05000e+00		2.62491e+01		7.10961e-02
4.07000e+00		2.66042e+01		7.04359e-02
4.09000e+00		2.68884e+01		6.97476e-02
4.11000e+00		2.71353e+01		7.34870e-02
4.13000e+00		2.71804e+01		7.30129e-02
4.15000e+00		2.72726e+01		7.11275e-02
4.17000e+00		2.71515e+01		7.45062e-02
4.19000e+00		2.71695e+01		7.32533e-02
4.21000e+00		2.70173e+01		7.27757e-02
4.23000e+00		2.68067e+01		7.47729e-02
4.25000e+00		2.66073e+01		7.63116e-02
4.27000e+00		2.63756e+01		7.26519e-02
4.29000e+00		2.61991e+01		7.20517e-02
4.31000e+00		2.60826e+01		7.21502e-02
4.33000e+00		2.60065e+01		7.13826e-02
4.35000e+00		2.61328e+01		7.12412e-02
4.37000e+00		2.61826e+01		7.44203e-02
4.39000e+00		2.63344e+01		7.32896e-02
4.41000e+00		2.67585e+01		7.41794e-02
4.43000e+00		2.70316e+01		7.21868e-02
4.45000e+00		2.72011e+01		7.53073e-02
4.47000e+00		2.76746e+01		7.43222e-02
4.49000e+00		2.80918e+01		7.60235e-02
4.51000e+00		2.86024e+01		7.48729e-02
4.53000e+00		2.90206e+01		7.71618e-02
4.55000e+00		2.94595e+01		7.64524e-02
4.57000e+00		2.99008e+01		7.78049e-02
4.59000e+00		3.00240e+01		7.62057e-02
4.61000e+00		3.03895e+01		7.91162e-02
4.63000e+00		3.04260e+01		7.65498e-02
4.65000e+00		3.03989e+01		7.94157e-02
4.67000e+00		3.03547e+01		8.00551e-02
4.69000e+00		3.00610e+01		7.73836e-02
4.71000e+00		3.01225e+01		7.70651e-02
4.73000e+00		3.00160e+01		7.94007e-02
4.75000e+00		2.97213e+01		7.88300e-02
4.77000e+00		2.94429e+01		7.57516e-02
4.79000e+00		2.94654e+01		7.84410e-02
4.81000e+00		2.92554e+01		7.46589e-02
4.83000e+00		2.92488e+01		7.34437e-02
4.85000e+00		2.93677e+01		7.93144e-02
4.87000e+00		2.94539e+01		7.42608e-02
4.89000e+00		2.96095e+01		7.75854e-02
4.91000e+00		2.98277e+01		7.53492e-02
4.93000e+00		3.00713e+01		7.96054e-02
4.95000e+00		3.05376e+01		7.93868e-02
4.97000e+00		3.07880e+01		7.82257e-02
4.99000e+00		3.12521e+01		7.76247e-02
5.01000e+00		3.13227e+01		8.11080e-02
