# r	g(r)	sigma(g)
1.00000e-02		5.57320e-02		3.46069e-03
3.00000e-02		1.65147e-01		5.70704e-03
5.00000e-02		2.36656e-01		6.91660e-03
7.00000e-02		3.42178e-01		8.22382e-03
9.00000e-02		4.35611e-01		9.10920e-03
1.10000e-01		4.84991e-01		9.77450e-03
1.30000e-01		5.73097e-01		1.07854e-02
1.50000e-01		6.37639e-01		1.12070e-02
1.70000e-01		6.90913e-01		1.16607e-02
1.90000e-01		7.67339e-01		1.20320e-02
2.10000e-01		8.21022e-01		1.30021e-02
2.30000e-01		9.21627e-01		1.35319e-02
2.50000e-01		1.02879e+00		1.40080e-02
2.70000e-01		1.17160e+00		1.49536e-02
2.90000e-01		1.28716e+00		1.54447e-02
3.10000e-01		1.44739e+00		1.71697e-02
3.30000e-01		1.58037e+00		1.75970e-02
3.50000e-01		1.80801e+00		1.95336e-02
3.70000e-01		2.01680e+00		2.04935e-02
3.90000e-01		2.37414e+00		2.13017e-02
4.10000e-01		2.68989e+00		2.34271e-02
4.30000e-01		3.04928e+00		2.49579e-02
4.50000e-01		3.38469e+00		2.50287e-02
4.70000e-01		3.82440e+00		2.78432e-02
4.90000e-01		4.22682e+00		2.86876e-02
5.10000e-01		4.55978e+00		2.88512e-02
5.30000e-01		4.94785e+00		3.10836e-02
5.50000e-01		5.22303e+00		3.25731e-02
5.70000e-01		5.40067e+00		3.32288e-02
5.90000e-01		5.58324e+00		3.32911e-02
6.10000e-01		5.46214e+00		3.27878e-02
6.30000e-01		5.31790e+00		3.33043e-02
6.50000e-01		5.00973e+00		3.12232e-02
6.70000e-01		4.76406e+00		3.00936e-02
6.90000e-01		4.41307e+00		3.04166e-02
7.10000e-01		4.14302e+00		2.84916e-02
7.30000e-01		3.94447e+00		2.82881e-02
7.50000e-01		3.76662e+00		2.74507e-02
7.70000e-01		3.65639e+00		2.74641e-02
7.90000e-01		3.63836e+00		2.69071e-02
8.10000e-01		3.63303e+00		2.66327e-02
8.30000e-01		3.76416e+00		2.79940e-02
8.50000e-01		3.87030e+00		2.86539e-02
8.70000e-01		4.13339e+00		2.91534e-02
8.90000e-01		4.43766e+00		2.89572e-02
9.10000e-01		4.77881e+00		3.17082e-02
9.30000e-01		5.15787e+00		3.17294e-02
9.50000e-01		5.56562e+00		3.36453e-02
9.70000e-01		6.19547e+00		3.51455e-02
9.90000e-01		6.67165e+00		3.65343e-02
1.01000e+00		7.17672e+00		3.86996e-02
1.03000e+00		7.65946e+00		3.92445e-02
1.05000e+00		8.15326e+00		3.97029e-02
1.07000e+00		8.40016e+00		4.26135e-02
1.09000e+00		8.62965e+00		4.03744e-02
1.11000e+00		8.69070e+00		4.02323e-02
1.13000e+00		8.77717e+00		4.33845e-02
1.15000e+00		8.57289e+00		4.11316e-02
1.17000e+00		8.52494e+00		4.05982e-02
1.19000e+00		8.27415e+00		3.94714e-02
1.21000e+00		7.88095e+00		3.89494e-02
1.23000e+00		7.60598e+00		3.86433e-02
1.25000e+00		7.30130e+00		3.78887e-02
1.27000e+00		7.16852e+00		3.70869e-02
1.29000e+00		6.94683e+00		3.80314e-02
1.31000e+00		6.78188e+00		3.64988e-02
1.33000e+00		6.81077e+00		3.74888e-02
1.35000e+00		6.88720e+00		3.83309e-02
1.37000e+00		7.07858e+00		3.69385e-02
1.39000e+00		7.36318e+00		3.91870e-02
1.41000e+00		7.69675e+00		3.95280e-02
1.43000e+00		7.95922e+00		4.05361e-02
1.45000e+00		8.53170e+00		4.16478e-02
1.47000e+00		8.99026e+00		4.19811e-02
1.49000e+00		9.50599e+00		4.40663e-02
1.51000e+00		1.00084e+01		4.43184e-02
1.53000e+00		1.05924e+01		4.52367e-02
1.55000e+00		1.09548e+01		4.60252e-02
1.57000e+00		1.13859e+01		4.70916e-02
1.59000e+00		1.17150e+01		4.95132e-02
1.61000e+00		1.18908e+01		4.88976e-02
1.63000e+00		1.19678e+01		4.90749e-02
1.65000e+00		1.19383e+01		4.75819e-02
1.67000e+00		1.17904e+01		4.87171e-02
1.69000e+00		1.14666e+01		4.83221e-02
1.71000e+00		1.13212e+01		4.68259e-02
1.73000e+00		1.09466e+01		4.66444e-02
1.75000e+00		1.06223e+01		4.60675e-02
1.77000e+00		1.04633e+01		4.51764e-02
1.79000e+00		1.03690e+01		4.51296e-02
1.81000e+00		1.02434e+01		4.56748e-02
1.83000e+00		1.01149e+01		4.24556e-02
1.85000e+00		1.00856e+01		4.52574e-02
1.87000e+00		1.03557e+01		4.59492e-02
1.89000e+00		1.04219e+01		4.48657e-02
1.91000e+00		1.07962e+01		4.84839e-02
1.93000e+00		1.09634e+01		4.64383e-02
1.95000e+00		1.15619e+01		4.83843e-02
1.97000e+00		1.20100e+01		4.88311e-02
1.99000e+00		1.25419e+01		4.95843e-02
2.01000e+00		1.30056e+01		5.31370e-02
2.03000e+00		1.33640e+01		5.29662e-02
2.05000e+00		1.38004e+01		5.33322e-02
2.07000e+00		1.39891e+01		5.43617e-02
2.09000e+00		1.43651e+01		5.27752e-02
2.11000e+00		1.45083e+01		5.21200e-02
2.13000e+00		1.47602e+01		5.53556e-02
2.15000e+00		1.49159e+01		5.51247e-02
2.17000e+00		1.47044e+01		5.33651e-02
2.19000e+00		1.45245e+01		5.30390e-02
2.21000e+00		1.46217e+01		5.41527e-02
2.23000e+00		1.42717e+01		5.33374e-02
2.25000e+00		1.41354e+01		5.35176e-02
2.27000e+00		1.38783e+01		5.23834e-02
2.29000e+00		1.38553e+01		5.29196e-02
2.31000e+00		1.37316e+01		5.14158e-02
2.33000e+00		1.36941e+01		5.15003e-02
2.35000e+00		1.36416e+01		5.31682e-02
2.37000e+00		1.38193e+01		5.30272e-02
2.39000e+00		1.39115e+01		5.35025e-02
2.41000e+00		1.40697e+01		5.26750e-02
2.43000e+00		1.44022e+01		5.38181e-02
2.45000e+00		1.47153e+01		5.42910e-02
2.47000e+00		1.51038e+01		5.59222e-02
2.49000e+00		1.54439e+01		5.45795e-02
2.51000e+00		1.58883e+01		5.67877e-02
2.53000e+00		1.63752e+01		5.46660e-02
2.55000e+00		1.67452e+01		5.46821e-02
2.57000e+00		1.71105e+01		5.63812e-02
2.59000e+00		1.73691e+01		5.87264e-02
2.61000e+00		1.75232e+01		6.05319e-02
2.63000e+00		1.78176e+01		5.94670e-02
2.65000e+00		1.78316e+01		5.97682e-02
2.67000e+00		1.77654e+01		5.83151e-02
2.69000e+00		1.76888e+01		5.76069e-02
2.71000e+00		1.75894e+01		5.99011e-02
2.73000e+00		1.73986e+01		6.01073e-02
2.75000e+00		1.73138e+01		5.83997e-02
2.77000e+00		1.71292e+01		5.80746e-02
2.79000e+00		1.69333e+01		5.75352e-02
2.81000e+00		1.69753e+01		5.98796e-02
2.83000e+00		1.68892e+01		5.80154e-02
2.85000e+00		1.70372e+01		5.96303e-02
2.87000e+00		1.69560e+01		5.76913e-02
2.89000e+00		1.71355e+01		5.86896e-02
2.91000e+00		1.73341e+01		5.93761e-02
2.93000e+00		1.74757e+01		6.07599e-02
2.95000e+00		1.78174e+01		5.89333e-02
2.97000e+00		1.83530e+01		5.98646e-02
2.99000e+00		1.86497e+01		5.98679e-02
3.01000e+00		1.90036e+01		6.14001e-02
3.03000e+00		1.94599e+01		6.42775e-02
3.05000e+00		1.98928e+01		6.13359e-02
3.07000e+00		2.00172e+01		6.30967e-02
3.09000e+00		2.04356e+01		6.24566e-02
3.11000e+00		2.05864e+01		6.45817e-02
3.13000e+00		2.08907e+01		6.42204e-02
3.15000e+00		2.07481e+01		6.54970e-02
3.17000e+00		2.09888e+01		6.60654e-02
3.19000e+00		2.09417e+01		6.39061e-02
3.21000e+00		2.07688e+01		6.28598e-02
3.23000e+00		2.07040e+01		6.31779e-02
3.25000e+00		2.04020e+01		6.36196e-02
3.27000e+00		2.03836e+01		6.52008e-02
3.29000e+00		2.01393e+01		6.41268e-02
3.31000e+00		2.02438e+01		6.26856e-02
3.33000e+00		1.99465e+01		6.29189e-02
3.35000e+00		2.01252e+01		6.45123e-02
3.37000e+00		2.00719e+01		6.50258e-02
3.39000e+00		2.01623e+01		6.41490e-02
3.41000e+00		2.04879e+01		6.52471e-02
3.43000e+00		2.08052e+01		6.67333e-02
3.45000e+00		2.10831e+01		6.24206e-02
3.47000e+00		2.13509e+01		6.52919e-02
3.49000e+00		2.18254e+01		6.59153e-02
3.51000e+00		2.21985e+01		6.41263e-02
3.53000e+00		2.25712e+01		6.56080e-02
3.55000e+00		2.27893e+01		6.72000e-02
3.57000e+00		2.32220e+01		6.81408e-02
3.59000e+00		2.33376e+01		6.73493e-02
3.61000e+00		2.37687e+01		7.02760e-02
3.63000e+00		2.38041e+01		6.98999e-02
3.65000e+00		2.39332e+01		6.95763e-02
3.67000e+00		2.41412e+01		6.67363e-02
3.69000e+00		2.40709e+01		6.82982e-02
3.71000e+00		2.38486e+01		7.09585e-02
3.73000e+00		2.37873e+01		6.79151e-02
3.75000e+00		2.36597e+01		7.01534e-02
3.77000e+00		2.35584e+01		6.89106e-02
3.79000e+00		2.32689e+01		6.71222e-02
3.81000e+00		2.32724e+01		6.86145e-02
3.83000e+00		2.31775e+01		6.81617e-02
3.85000e+00		2.32189e+01		6.80388e-02
3.87000e+00		2.34130e+01		7.05296e-02
3.89000e+00		2.33798e+01		6.62142e-02
3.91000e+00		2.36263e+01		6.67061e-02
3.93000e+00		2.39232e+01		7.24493e-02
3.95000e+00		2.41196e+01		6.94196e-02
3.97000e+00		2.44786e+01		7.10851e-02
3.99000e+00		2.48581e+01		6.98255e-02
4.01000e+00		2.51355e+01		6.85032e-02
4.03000e+00		2.55666e+01		6.97266e-02
4.05000e+00		2.58984e+01		7.31386e-02
4.07000e+00		2.63229e+01		6.90004e-02
4.09000e+00		2.67249e+01		7.30504e-02
4.11000e+00		2.67860e+01		7.21914e-02
4.13000e+00		2.69444e+01		7.41799e-02
4.15000e+00		2.71888e+01		7.43524e-02
4.17000e+00		2.70609e+01		7.26863e-02
4.19000e+00		2.71445e+01		7.22633e-02
4.21000e+00		2.69532e+01		7.40252e-02
4.23000e+00		2.69069e+01		7.27695e-02
4.25000e+00		2.68976e+01		7.30433e-02
4.27000e+00		2.65510e+01		7.33732e-02
4.29000e+00		2.64792e+01		6.98852e-02
4.31000e+00		2.66708e+01		7.12226e-02
4.33000e+00		2.64669e+01		7.32061e-02
4.35000e+00		2.63510e+01		7.38815e-02
4.37000e+00		2.64690e+01		7.34313e-02
4.39000e+00		2.66577e+01		7.14684e-02
4.41000e+00		2.67575e+01		7.30284e-02
4.43000e+00		2.71083e+01		7.53666e-02
4.45000e+00		2.72951e+01		7.58008e-02
4.47000e+00		2.73560e+01		7.27570e-02
4.49000e+00		2.80785e+01		7.23438e-02
4.51000e+00		2.82377e+01		7.73974e-02
4.53000e+00		2.86919e+01		7.60084e-02
4.55000e+00		2.91275e+01		7.66076e-02
4.57000e+00		2.93490e+01		7.50940e-02
4.59000e+00		2.97154e+01		7.80562e-02
4.61000e+00		2.98775e+01		7.69185e-02
4.63000e+00		3.00666e+01		7.71641e-02
4.65000e+00		2.99781e+01		8.05009e-02
4.67000e+00		3.02743e+01		7.81530e-02
4.69000e+00		3.01426e+01		7.76833e-02
4.71000e+00		2.99762e+01		7.74472e-02
4.73000e+00		3.02537e+01		7.88159e-02
4.75000e+00		2.97080e+01		7.99827e-02
4.77000e+00		2.98057e+01		7.78606e-02
4.79000e+00		2.96974e+01		7.74088e-02
4.81000e+00		2.96955e+01		7.53208e-02
4.83000e+00		2.95289e+01		7.59829e-02
4.85000e+00		2.94808e+01		7.48573e-02
4.87000e+00		2.96748e+01		7.59232e-02
4.89000e+00		2.97349e+01		7.54433e-02
4.91000e+00		2.99387e+01		8.02629e-02
4.93000e+00		3.02903e+01		7.97002e-02
4.95000e+00		3.06241e+01		7.70021e-02
4.97000e+00		3.07554e+01		7.57885e-02
4.99000e+00		3.11103e+01		7.79433e-02
5.01000e+00		3.11851e+01		7.99918e-02
