# r	g(r)	sigma(g)
1.00000e-02		3.52423e-02		2.68811e-03
3.00000e-02		8.52371e-02		4.18510e-03
5.00000e-02		1.54083e-01		5.56167e-03
7.00000e-02		2.25796e-01		6.78741e-03
9.00000e-02		2.92388e-01		7.49515e-03
1.10000e-01		3.77010e-01		8.74169e-03
1.30000e-01		4.55691e-01		9.65815e-03
1.50000e-01		5.28019e-01		1.02510e-02
1.70000e-01		6.19199e-01		1.09333e-02
1.90000e-01		7.13451e-01		1.21758e-02
2.10000e-01		8.10982e-01		1.26970e-02
2.30000e-01		9.17529e-01		1.30508e-02
2.50000e-01		1.05829e+00		1.33738e-02
2.70000e-01		1.17795e+00		1.54614e-02
2.90000e-01		1.32917e+00		1.64770e-02
3.10000e-01		1.49267e+00		1.74315e-02
3.30000e-01		1.70905e+00		1.85858e-02
3.50000e-01		1.99037e+00		2.08200e-02
3.70000e-01		2.22621e+00		2.18120e-02
3.90000e-01		2.49134e+00		2.28498e-02
4.10000e-01		2.80668e+00		2.36951e-02
4.30000e-01		3.18287e+00		2.56976e-02
4.50000e-01		3.49903e+00		2.66408e-02
4.70000e-01		3.90595e+00		2.70436e-02
4.90000e-01		4.31247e+00		2.83235e-02
5.10000e-01		4.57924e+00		2.89521e-02
5.30000e-01		4.90236e+00		3.12158e-02
5.50000e-01		5.15849e+00		3.24700e-02
5.70000e-01		5.26708e+00		3.25901e-02
5.90000e-01		5.35867e+00		3.19434e-02
6.10000e-01		5.32507e+00		3.25473e-02
6.30000e-01		5.21647e+00		3.29478e-02
6.50000e-01		5.08739e+00		3.13611e-02
6.70000e-01		4.90544e+00		2.97234e-02
6.90000e-01		4.58334e+00		2.97592e-02
7.10000e-01		4.29669e+00		2.89980e-02
7.30000e-01		4.14937e+00		2.90878e-02
7.50000e-01		4.00717e+00		2.72038e-02
7.70000e-01		3.85268e+00		2.78848e-02
7.90000e-01		3.82379e+00		2.75263e-02
8.10000e-01		3.87645e+00		2.80035e-02
8.30000e-01		3.91681e+00		2.85384e-02
8.50000e-01		4.07233e+00		2.87289e-02
8.70000e-01		4.32927e+00		2.90122e-02
8.90000e-01		4.61797e+00		3.01440e-02
9.10000e-01		4.95789e+00		3.08451e-02
9.30000e-01		5.27405e+00		3.19376e-02
9.50000e-01		5.70351e+00		3.45738e-02
9.70000e-01		6.12888e+00		3.65284e-02
9.90000e-01		6.66161e+00		3.67804e-02
1.01000e+00		7.11320e+00		3.76652e-02
1.03000e+00		7.56418e+00		3.75928e-02
1.05000e+00		7.83751e+00		3.94525e-02
1.07000e+00		8.20571e+00		4.02179e-02
1.09000e+00		8.32250e+00		4.16355e-02
1.11000e+00		8.40405e+00		4.31544e-02
1.13000e+00		8.48048e+00		4.00856e-02
1.15000e+00		8.32066e+00		4.07918e-02
1.17000e+00		8.29382e+00		4.08713e-02
1.19000e+00		8.07704e+00		3.93900e-02
1.21000e+00		7.73281e+00		3.99793e-02
1.23000e+00		7.59205e+00		3.91671e-02
1.25000e+00		7.41850e+00		3.93105e-02
1.27000e+00		7.23880e+00		3.75243e-02
1.29000e+00		7.14578e+00		3.84780e-02
1.31000e+00		7.12939e+00		3.81393e-02
1.33000e+00		7.10869e+00		3.74463e-02
1.35000e+00		7.24495e+00		3.80222e-02
1.37000e+00		7.34945e+00		3.75281e-02
1.39000e+00		7.67278e+00		3.99779e-02
1.41000e+00		7.91087e+00		4.01415e-02
1.43000e+00		8.31472e+00		3.92322e-02
1.45000e+00		8.68046e+00		4.18515e-02
1.47000e+00		9.09456e+00		4.23690e-02
1.49000e+00		9.62831e+00		4.41106e-02
1.51000e+00		1.00508e+01		4.23553e-02
1.53000e+00		1.04952e+01		4.60580e-02
1.55000e+00		1.08059e+01		4.73748e-02
1.57000e+00		1.11132e+01		4.68092e-02
1.59000e+00		1.13210e+01		4.75406e-02
1.61000e+00		1.15418e+01		4.96443e-02
1.63000e+00		1.15929e+01		4.64310e-02
1.65000e+00		1.15125e+01		4.83823e-02
1.67000e+00		1.14748e+01		4.55788e-02
1.69000e+00		1.12548e+01		4.81919e-02
1.71000e+00		1.11333e+01		4.84991e-02
1.73000e+00		1.08858e+01		4.51818e-02
1.75000e+00		1.06522e+01		4.35440e-02
1.77000e+00		1.05243e+01		4.58678e-02
1.79000e+00		1.04241e+01		4.56554e-02
1.81000e+00		1.02809e+01		4.42608e-02
1.83000e+00		1.03336e+01		4.52742e-02
1.85000e+00		1.04608e+01		4.81524e-02
1.87000e+00		1.04424e+01		4.47863e-02
1.89000e+00		1.08163e+01		4.72092e-02
1.91000e+00		1.09790e+01		4.80656e-02
1.93000e+00		1.13697e+01		4.68840e-02
1.95000e+00		1.18435e+01		4.69212e-02
1.97000e+00		1.20522e+01		4.84989e-02
1.99000e+00		1.26167e+01		5.02725e-02
2.01000e+00		1.30304e+01		5.18471e-02
2.03000e+00		1.35730e+01		5.14432e-02
2.05000e+00		1.39197e+01		5.46153e-02
2.07000e+00		1.42114e+01		5.29338e-02
2.09000e+00		1.44444e+01		5.38139e-02
2.11000e+00		1.45985e+01		5.24748e-02
2.13000e+00		1.46112e+01		5.42420e-02
2.15000e+00		1.46827e+01		5.58816e-02
2.17000e+00		1.46563e+01		5.49135e-02
2.19000e+00		1.44526e+01		5.24123e-02
2.21000e+00		1.42987e+01		5.49817e-02
2.23000e+00		1.41778e+01		5.39093e-02
2.25000e+00		1.38873e+01		5.27163e-02
2.27000e+00		1.38426e+01		5.33635e-02
2.29000e+00		1.36021e+01		5.28229e-02
2.31000e+00		1.34734e+01		5.28989e-02
2.33000e+00		1.35472e+01		5.30225e-02
2.35000e+00		1.35476e+01		5.17713e-02
2.37000e+00		1.37467e+01		5.13201e-02
2.39000e+00		1.38574e+01		5.20524e-02
2.41000e+00		1.40004e+01		5.46951e-02
2.43000e+00		1.44881e+01		5.19347e-02
2.45000e+00		1.48325e+01		5.51312e-02
2.47000e+00		1.52699e+01		5.24427e-02
2.49000e+00		1.57810e+01		5.51657e-02
2.51000e+00		1.62035e+01		5.84286e-02
2.53000e+00		1.64956e+01		5.46132e-02
2.55000e+00		1.69124e+01		5.62613e-02
2.57000e+00		1.74388e+01		5.85464e-02
2.59000e+00		1.75533e+01		5.91235e-02
2.61000e+00		1.77455e+01		5.72844e-02
2.63000e+00		1.78217e+01		5.95827e-02
2.65000e+00		1.77476e+01		5.89190e-02
2.67000e+00		1.76879e+01		6.17502e-02
2.69000e+00		1.76127e+01		5.87592e-02
2.71000e+00		1.74804e+01		5.88539e-02
2.73000e+00		1.73513e+01		5.96479e-02
2.75000e+00		1.71286e+01		5.80289e-02
2.77000e+00		1.69667e+01		5.88477e-02
2.79000e+00		1.66567e+01		5.85977e-02
2.81000e+00		1.66555e+01		5.72691e-02
2.83000e+00		1.65891e+01		6.00678e-02
2.85000e+00		1.66866e+01		5.59662e-02
2.87000e+00		1.67821e+01		5.78688e-02
2.89000e+00		1.68944e+01		5.87573e-02
2.91000e+00		1.72726e+01		5.82803e-02
2.93000e+00		1.75050e+01		5.85383e-02
2.95000e+00		1.79979e+01		5.77238e-02
2.97000e+00		1.85213e+01		6.05318e-02
2.99000e+00		1.88612e+01		6.17701e-02
3.01000e+00		1.92277e+01		6.40725e-02
3.03000e+00		1.97275e+01		5.86553e-02
3.05000e+00		1.99523e+01		6.19637e-02
3.07000e+00		2.04489e+01		6.22883e-02
3.09000e+00		2.07579e+01		6.26897e-02
3.11000e+00		2.07372e+01		6.23168e-02
3.13000e+00		2.10312e+01		6.18590e-02
3.15000e+00		2.11298e+01		6.39459e-02
3.17000e+00		2.10048e+01		6.53024e-02
3.19000e+00		2.06378e+01		6.34805e-02
3.21000e+00		2.07182e+01		6.13346e-02
3.23000e+00		2.05596e+01		6.30732e-02
3.25000e+00		2.02338e+01		6.26752e-02
3.27000e+00		2.01039e+01		6.06839e-02
3.29000e+00		1.98609e+01		6.22108e-02
3.31000e+00		1.98650e+01		6.65263e-02
3.33000e+00		1.98109e+01		6.23517e-02
3.35000e+00		1.96756e+01		6.40017e-02
3.37000e+00		1.99674e+01		6.41604e-02
3.39000e+00		2.01989e+01		6.31746e-02
3.41000e+00		2.03584e+01		6.46653e-02
3.43000e+00		2.06532e+01		6.37755e-02
3.45000e+00		2.11353e+01		6.31688e-02
3.47000e+00		2.13992e+01		6.39861e-02
3.49000e+00		2.19438e+01		6.77132e-02
3.51000e+00		2.23774e+01		6.52113e-02
3.53000e+00		2.29780e+01		6.66902e-02
3.55000e+00		2.31671e+01		6.79411e-02
3.57000e+00		2.35113e+01		6.90057e-02
3.59000e+00		2.37935e+01		6.81352e-02
3.61000e+00		2.39914e+01		6.77433e-02
3.63000e+00		2.40815e+01		6.79266e-02
3.65000e+00		2.41524e+01		7.04320e-02
3.67000e+00		2.40930e+01		6.98086e-02
3.69000e+00		2.38496e+01		7.12158e-02
3.71000e+00		2.37848e+01		6.89915e-02
3.73000e+00		2.35869e+01		6.91505e-02
3.75000e+00		2.33861e+01		6.88074e-02
3.77000e+00		2.31413e+01		6.75658e-02
3.79000e+00		2.30093e+01		7.14503e-02
3.81000e+00		2.29347e+01		6.78642e-02
3.83000e+00		2.29485e+01		6.58943e-02
3.85000e+00		2.29530e+01		6.92584e-02
3.87000e+00		2.31863e+01		6.56257e-02
3.89000e+00		2.32408e+01		6.71382e-02
3.91000e+00		2.35177e+01		6.71150e-02
3.93000e+00		2.38273e+01		6.80258e-02
3.95000e+00		2.42401e+01		6.98093e-02
3.97000e+00		2.45167e+01		7.38816e-02
3.99000e+00		2.50398e+01		7.10736e-02
4.01000e+00		2.54421e+01		6.84208e-02
4.03000e+00		2.59164e+01		7.21386e-02
4.05000e+00		2.62028e+01		7.29228e-02
4.07000e+00		2.65823e+01		7.46615e-02
4.09000e+00		2.66960e+01		7.36975e-02
4.11000e+00		2.72454e+01		7.60676e-02
4.13000e+00		2.73048e+01		7.61104e-02
4.15000e+00		2.71906e+01		7.32196e-02
4.17000e+00		2.71929e+01		7.29134e-02
4.19000e+00		2.71620e+01		7.42368e-02
4.21000e+00		2.69265e+01		7.41419e-02
4.23000e+00		2.69616e+01		7.40387e-02
4.25000e+00		2.65885e+01		7.25842e-02
4.27000e+00		2.64174e+01		7.36509e-02
4.29000e+00		2.62020e+01		7.14865e-02
4.31000e+00		2.60258e+01		7.53650e-02
4.33000e+00		2.61000e+01		7.16219e-02
4.35000e+00		2.61578e+01		7.15600e-02
4.37000e+00		2.61658e+01		7.18204e-02
4.39000e+00		2.63245e+01		7.12349e-02
4.41000e+00		2.64944e+01		7.54925e-02
4.43000e+00		2.70056e+01		7.10404e-02
4.45000e+00		2.72720e+01		7.39132e-02
4.47000e+00		2.76635e+01		7.63895e-02
4.49000e+00		2.81565e+01		7.26130e-02
4.51000e+00		2.86352e+01		7.60084e-02
4.53000e+00		2.90661e+01		7.87716e-02
4.55000e+00		2.93361e+01		7.93179e-02
4.57000e+00		2.97287e+01		7.67224e-02
4.59000e+00		3.01547e+01		7.66526e-02
4.61000e+00		3.02770e+01		7.78604e-02
4.63000e+00		3.04774e+01		7.69094e-02
4.65000e+00		3.04639e+01		7.99200e-02
4.67000e+00		3.03264e+01		7.95057e-02
4.69000e+00		3.02168e+01		8.02562e-02
4.71000e+00		3.01492e+01		7.69374e-02
4.73000e+00		2.98965e+01		7.63807e-02
4.75000e+00		2.98553e+01		8.02879e-02
4.77000e+00		2.94697e+01		7.67682e-02
4.79000e+00		2.93861e+01		7.61725e-02
4.81000e+00		2.92437e+01		7.62032e-02
4.83000e+00		2.92126e+01		7.48039e-02
4.85000e+00		2.91085e+01		7.44781e-02
4.87000e+00		2.92628e+01		7.65521e-02
4.89000e+00		2.95427e+01		7.69895e-02
4.91000e+00		2.98877e+01		7.92822e-02
4.93000e+00		3.01539e+01		7.77115e-02
4.95000e+00		3.04172e+01		7.65061e-02
4.97000e+00		3.08610e+01		7.89356e-02
4.99000e+00		3.11548e+01		7.94017e-02
5.01000e+00		3.12217e+01		8.17155e-02
