# r	g(r)	sigma(g)
1.00000e-02		7.35580e-02		3.88125e-03
3.00000e-02		2.06126e-01		6.60691e-03
5.00000e-02		3.25171e-01		8.12641e-03
7.00000e-02		4.18809e-01		9.29036e-03
9.00000e-02		4.94007e-01		9.51693e-03
1.10000e-01		5.50148e-01		1.05854e-02
1.30000e-01		6.59563e-01		1.14419e-02
1.50000e-01		7.19803e-01		1.15675e-02
1.70000e-01		7.71642e-01		1.22184e-02
1.90000e-01		7.91107e-01		1.27516e-02
2.10000e-01		8.52986e-01		1.31858e-02
2.30000e-01		9.26134e-01		1.34722e-02
2.50000e-01		1.04108e+00		1.41596e-02
2.70000e-01		1.09517e+00		1.41889e-02
2.90000e-01		1.25397e+00		1.54113e-02
3.10000e-01		1.36482e+00		1.64759e-02
3.30000e-01		1.50210e+00		1.74519e-02
3.50000e-01		1.71396e+00		1.83391e-02
3.70000e-01		1.95410e+00		1.91531e-02
3.90000e-01		2.21760e+00		2.15838e-02
4.10000e-01		2.58129e+00		2.29331e-02
4.30000e-01		2.91773e+00		2.33386e-02
4.50000e-01		3.24803e+00		2.49956e-02
4.70000e-01		3.68835e+00		2.70696e-02
4.90000e-01		4.21063e+00		2.91630e-02
5.10000e-01		4.59953e+00		3.10426e-02
5.30000e-01		4.95338e+00		3.24327e-02
5.50000e-01		5.26483e+00		3.18856e-02
5.70000e-01		5.36789e+00		3.20833e-02
5.90000e-01		5.59451e+00		3.31092e-02
6.10000e-01		5.46440e+00		3.21872e-02
6.30000e-01		5.35150e+00		3.26254e-02
6.50000e-01		5.01875e+00		3.12290e-02
6.70000e-01		4.74050e+00		2.97494e-02
6.90000e-01		4.40713e+00		2.99464e-02
7.10000e-01		4.07765e+00		2.81170e-02
7.30000e-01		3.88505e+00		2.77391e-02
7.50000e-01		3.69532e+00		2.62846e-02
7.70000e-01		3.53919e+00		2.59377e-02
7.90000e-01		3.51173e+00		2.70670e-02
8.10000e-01		3.52505e+00		2.62418e-02
8.30000e-01		3.52238e+00		2.70195e-02
8.50000e-01		3.75248e+00		2.77100e-02
8.70000e-01		3.96619e+00		2.76336e-02
8.90000e-01		4.32865e+00		2.87309e-02
9.10000e-01		4.65915e+00		3.04712e-02
9.30000e-01		5.09026e+00		3.14877e-02
9.50000e-01		5.63876e+00		3.38568e-02
9.70000e-01		6.07642e+00		3.41804e-02
9.90000e-01		6.65300e+00		3.80224e-02
1.01000e+00		7.25192e+00		3.78296e-02
1.03000e+00		7.83977e+00		3.93528e-02
1.05000e+00		8.20223e+00		4.10354e-02
1.07000e+00		8.54051e+00		4.07253e-02
1.09000e+00		8.71058e+00		4.12940e-02
1.11000e+00		8.93699e+00		4.24635e-02
1.13000e+00		8.88474e+00		4.13985e-02
1.15000e+00		8.75873e+00		3.96121e-02
1.17000e+00		8.52535e+00		4.10015e-02
1.19000e+00		8.23870e+00		4.00972e-02
1.21000e+00		7.88833e+00		3.95481e-02
1.23000e+00		7.52750e+00		4.00825e-02
1.25000e+00		7.23512e+00		3.79284e-02
1.27000e+00		6.98330e+00		3.60608e-02
1.29000e+00		6.80360e+00		3.65417e-02
1.31000e+00		6.63600e+00		3.68040e-02
1.33000e+00		6.59850e+00		3.74388e-02
1.35000e+00		6.76672e+00		3.66311e-02
1.37000e+00		6.85257e+00		3.64330e-02
1.39000e+00		7.26483e+00		3.75447e-02
1.41000e+00		7.49390e+00		3.79280e-02
1.43000e+00		7.85391e+00		4.04911e-02
1.45000e+00		8.34217e+00		4.10728e-02
1.47000e+00		8.92142e+00		4.20965e-02
1.49000e+00		9.28941e+00		4.26576e-02
1.51000e+00		1.00045e+01		4.46071e-02
1.53000e+00		1.05397e+01		4.51105e-02
1.55000e+00		1.10317e+01		4.74831e-02
1.57000e+00		1.14744e+01		4.80950e-02
1.59000e+00		1.19057e+01		4.92549e-02
1.61000e+00		1.20721e+01		4.89997e-02
1.63000e+00		1.22207e+01		4.95958e-02
1.65000e+00		1.20518e+01		4.88188e-02
1.67000e+00		1.19371e+01		4.95639e-02
1.69000e+00		1.16699e+01		4.86235e-02
1.71000e+00		1.13001e+01		4.67242e-02
1.73000e+00		1.10808e+01		4.53298e-02
1.75000e+00		1.06112e+01		4.75962e-02
1.77000e+00		1.03291e+01		4.37342e-02
1.79000e+00		1.02805e+01		4.39413e-02
1.81000e+00		1.00135e+01		4.56103e-02
1.83000e+00		9.91742e+00		4.41439e-02
1.85000e+00		1.00000e+01		4.32382e-02
1.87000e+00		1.01426e+01		4.46671e-02
1.89000e+00		1.02352e+01		4.61249e-02
1.91000e+00		1.05170e+01		4.50077e-02
1.93000e+00		1.09173e+01		4.78354e-02
1.95000e+00		1.13740e+01		4.82426e-02
1.97000e+00		1.19865e+01		4.98737e-02
1.99000e+00		1.26194e+01		5.15962e-02
2.01000e+00		1.29243e+01		5.10922e-02
2.03000e+00		1.33093e+01		5.25564e-02
2.05000e+00		1.36146e+01		5.15813e-02
2.07000e+00		1.40820e+01		5.41926e-02
2.09000e+00		1.42821e+01		5.42204e-02
2.11000e+00		1.45321e+01		5.23671e-02
2.13000e+00		1.47016e+01		5.17708e-02
2.15000e+00		1.48268e+01		5.33628e-02
2.17000e+00		1.47679e+01		5.33018e-02
2.19000e+00		1.46561e+01		5.61823e-02
2.21000e+00		1.45973e+01		5.39290e-02
2.23000e+00		1.44331e+01		5.23815e-02
2.25000e+00		1.42414e+01		5.25626e-02
2.27000e+00		1.39811e+01		5.29520e-02
2.29000e+00		1.38672e+01		5.22728e-02
2.31000e+00		1.37115e+01		5.17601e-02
2.33000e+00		1.38209e+01		5.37077e-02
2.35000e+00		1.37138e+01		5.28056e-02
2.37000e+00		1.37027e+01		5.32365e-02
2.39000e+00		1.38715e+01		5.27665e-02
2.41000e+00		1.40346e+01		5.30921e-02
2.43000e+00		1.41973e+01		5.35153e-02
2.45000e+00		1.45725e+01		5.32604e-02
2.47000e+00		1.49210e+01		5.34605e-02
2.49000e+00		1.52040e+01		5.50188e-02
2.51000e+00		1.58277e+01		5.79552e-02
2.53000e+00		1.62121e+01		5.83424e-02
2.55000e+00		1.64858e+01		5.55108e-02
2.57000e+00		1.69290e+01		5.95928e-02
2.59000e+00		1.71859e+01		5.72063e-02
2.61000e+00		1.72896e+01		5.78512e-02
2.63000e+00		1.76797e+01		5.84058e-02
2.65000e+00		1.77295e+01		5.95155e-02
2.67000e+00		1.78482e+01		6.06017e-02
2.69000e+00		1.78006e+01		5.78876e-02
2.71000e+00		1.78244e+01		6.02395e-02
2.73000e+00		1.75707e+01		5.82215e-02
2.75000e+00		1.75742e+01		5.86946e-02
2.77000e+00		1.71782e+01		5.78549e-02
2.79000e+00		1.70927e+01		5.96803e-02
2.81000e+00		1.71364e+01		5.82308e-02
2.83000e+00		1.68935e+01		5.79371e-02
2.85000e+00		1.70308e+01		6.13684e-02
2.87000e+00		1.69464e+01		5.70548e-02
2.89000e+00		1.70360e+01		5.69966e-02
2.91000e+00		1.72374e+01		5.76858e-02
2.93000e+00		1.76463e+01		5.53309e-02
2.95000e+00		1.77355e+01		5.91868e-02
2.97000e+00		1.81209e+01		5.96548e-02
2.99000e+00		1.85460e+01		5.91000e-02
3.01000e+00		1.88011e+01		6.11724e-02
3.03000e+00		1.93509e+01		6.40606e-02
3.05000e+00		1.95056e+01		6.11445e-02
3.07000e+00		1.99113e+01		6.34248e-02
3.09000e+00		2.02246e+01		6.10829e-02
3.11000e+00		2.04981e+01		5.95148e-02
3.13000e+00		2.06540e+01		6.35570e-02
3.15000e+00		2.06579e+01		6.29095e-02
3.17000e+00		2.08538e+01		6.33431e-02
3.19000e+00		2.07218e+01		6.21386e-02
3.21000e+00		2.08808e+01		6.49964e-02
3.23000e+00		2.08503e+01		6.34418e-02
3.25000e+00		2.05778e+01		6.58559e-02
3.27000e+00		2.04940e+01		6.29184e-02
3.29000e+00		2.02909e+01		6.70076e-02
3.31000e+00		2.01688e+01		6.25323e-02
3.33000e+00		2.02840e+01		6.49449e-02
3.35000e+00		2.02010e+01		6.39508e-02
3.37000e+00		2.02207e+01		6.51353e-02
3.39000e+00		2.02793e+01		6.41966e-02
3.41000e+00		2.04424e+01		6.25233e-02
3.43000e+00		2.05866e+01		6.44717e-02
3.45000e+00		2.10716e+01		6.46486e-02
3.47000e+00		2.13298e+01		6.58256e-02
3.49000e+00		2.16095e+01		6.47016e-02
3.51000e+00		2.19787e+01		6.63814e-02
3.53000e+00		2.24764e+01		6.71943e-02
3.55000e+00		2.25614e+01		6.90493e-02
3.57000e+00		2.29429e+01		6.94659e-02
3.59000e+00		2.33658e+01		6.83188e-02
3.61000e+00		2.35220e+01		6.56826e-02
3.63000e+00		2.37301e+01		6.85388e-02
3.65000e+00		2.38342e+01		6.55214e-02
3.67000e+00		2.39531e+01		6.93243e-02
3.69000e+00		2.39701e+01		6.94417e-02
3.71000e+00		2.38463e+01		6.80789e-02
3.73000e+00		2.39492e+01		7.06945e-02
3.75000e+00		2.36959e+01		6.58139e-02
3.77000e+00		2.37824e+01		7.02500e-02
3.79000e+00		2.34607e+01		6.71860e-02
3.81000e+00		2.34953e+01		6.80528e-02
3.83000e+00		2.34070e+01		6.62188e-02
3.85000e+00		2.35072e+01		7.06607e-02
3.87000e+00		2.33507e+01		6.71087e-02
3.89000e+00		2.35863e+01		6.73858e-02
3.91000e+00		2.38445e+01		7.11619e-02
3.93000e+00		2.37867e+01		6.74283e-02
3.95000e+00		2.42514e+01		7.13349e-02
3.97000e+00		2.43754e+01		7.02067e-02
3.99000e+00		2.46468e+01		7.11637e-02
4.01000e+00		2.50960e+01		6.98559e-02
4.03000e+00		2.53531e+01		6.96643e-02
4.05000e+00		2.59148e+01		7.33346e-02
4.07000e+00		2.60936e+01		7.50838e-02
4.09000e+00		2.64403e+01		7.13324e-02
4.11000e+00		2.65628e+01		6.96594e-02
4.13000e+00		2.66499e+01		7.25841e-02
4.15000e+00		2.71089e+01		7.11968e-02
4.17000e+00		2.68921e+01		7.35869e-02
4.19000e+00		2.71214e+01		7.31883e-02
4.21000e+00		2.70495e+01		6.88718e-02
4.23000e+00		2.70763e+01		7.20402e-02
4.25000e+00		2.68880e+01		7.23001e-02
4.27000e+00		2.66440e+01		7.19720e-02
4.29000e+00		2.67686e+01		7.29280e-02
4.31000e+00		2.67614e+01		7.37748e-02
4.33000e+00		2.68700e+01		7.07587e-02
4.35000e+00		2.64858e+01		7.24248e-02
4.37000e+00		2.66409e+01		7.29693e-02
4.39000e+00		2.68292e+01		6.84643e-02
4.41000e+00		2.69353e+01		7.43430e-02
4.43000e+00		2.72210e+01		7.17516e-02
4.45000e+00		2.73281e+01		7.33481e-02
4.47000e+00		2.76297e+01		7.53703e-02
4.49000e+00		2.79512e+01		7.78937e-02
4.51000e+00		2.82119e+01		7.70260e-02
4.53000e+00		2.85522e+01		8.00532e-02
4.55000e+00		2.90788e+01		7.23179e-02
4.57000e+00		2.92859e+01		7.80616e-02
4.59000e+00		2.93302e+01		7.70536e-02
4.61000e+00		2.95263e+01		7.56622e-02
4.63000e+00		2.97687e+01		7.58423e-02
4.65000e+00		2.99193e+01		7.68206e-02
4.67000e+00		3.00287e+01		7.59258e-02
4.69000e+00		2.98965e+01		7.62371e-02
4.71000e+00		3.00047e+01		7.87218e-02
4.73000e+00		3.01315e+01		7.56005e-02
4.75000e+00		3.00043e+01		7.57839e-02
4.77000e+00		2.98781e+01		7.94041e-02
4.79000e+00		2.99893e+01		8.15871e-02
4.81000e+00		2.98834e+01		7.55409e-02
4.83000e+00		2.98271e+01		7.82313e-02
4.85000e+00		2.97764e+01		7.63486e-02
4.87000e+00		2.98559e+01		7.59432e-02
4.89000e+00		3.01131e+01		7.67473e-02
4.91000e+00		3.02795e+01		7.75621e-02
4.93000e+00		3.05528e+01		7.85836e-02
4.95000e+00		3.06796e+01		8.05948e-02
4.97000e+00		3.09224e+01		7.62432e-02
4.99000e+00		3.10986e+01		7.77313e-02
5.01000e+00		3.10621e+01		8.00755e-02
