# r	g(r)	sigma(g)
1.00000e-02		3.05296e-02		2.49751e-03
3.00000e-02		9.30232e-02		4.36484e-03
5.00000e-02		1.61254e-01		5.95745e-03
7.00000e-02		2.18010e-01		6.74752e-03
9.00000e-02		3.05296e-01		7.51018e-03
1.10000e-01		3.74757e-01		9.02470e-03
1.30000e-01		4.57125e-01		9.76085e-03
1.50000e-01		5.15726e-01		9.59241e-03
1.70000e-01		6.02807e-01		1.08018e-02
1.90000e-01		6.93371e-01		1.16825e-02
2.10000e-01		7.95000e-01		1.22691e-02
2.30000e-01		9.29822e-01		1.37793e-02
2.50000e-01		1.04334e+00		1.41626e-02
2.70000e-01		1.17263e+00		1.52857e-02
2.90000e-01		1.36769e+00		1.61691e-02
3.10000e-01		1.47915e+00		1.64488e-02
3.30000e-01		1.71007e+00		1.89844e-02
3.50000e-01		1.92357e+00		2.01208e-02
3.70000e-01		2.21432e+00		2.06652e-02
3.90000e-01		2.53642e+00		2.31629e-02
4.10000e-01		2.80053e+00		2.37316e-02
4.30000e-01		3.12611e+00		2.47236e-02
4.50000e-01		3.50046e+00		2.73726e-02
4.70000e-01		3.86620e+00		2.74696e-02
4.90000e-01		4.26575e+00		2.90854e-02
5.10000e-01		4.58559e+00		2.96544e-02
5.30000e-01		4.87798e+00		3.07651e-02
5.50000e-01		5.11628e+00		3.16200e-02
5.70000e-01		5.27384e+00		3.26417e-02
5.90000e-01		5.37260e+00		3.16122e-02
6.10000e-01		5.30212e+00		3.26501e-02
6.30000e-01		5.25458e+00		3.16921e-02
6.50000e-01		5.08472e+00		3.17515e-02
6.70000e-01		4.74644e+00		3.03949e-02
6.90000e-01		4.51081e+00		2.99214e-02
7.10000e-01		4.29710e+00		2.96135e-02
7.30000e-01		4.08196e+00		2.82676e-02
7.50000e-01		3.94857e+00		2.86477e-02
7.70000e-01		3.92501e+00		2.76885e-02
7.90000e-01		3.82461e+00		2.74906e-02
8.10000e-01		3.78875e+00		2.73169e-02
8.30000e-01		3.90083e+00		2.74925e-02
8.50000e-01		4.09179e+00		2.88613e-02
8.70000e-01		4.32353e+00		2.88863e-02
8.90000e-01		4.61592e+00		3.11921e-02
9.10000e-01		4.90359e+00		3.16233e-02
9.30000e-01		5.27753e+00		3.28556e-02
9.50000e-01		5.72011e+00		3.48336e-02
9.70000e-01		6.16371e+00		3.43755e-02
9.90000e-01		6.65116e+00		3.61124e-02
1.01000e+00		7.07366e+00		3.62677e-02
1.03000e+00		7.44985e+00		3.79811e-02
1.05000e+00		7.84694e+00		3.94670e-02
1.07000e+00		8.16268e+00		4.09531e-02
1.09000e+00		8.30693e+00		4.07738e-02
1.11000e+00		8.46655e+00		4.01897e-02
1.13000e+00		8.43294e+00		4.40105e-02
1.15000e+00		8.33910e+00		4.11486e-02
1.17000e+00		8.19362e+00		4.10695e-02
1.19000e+00		8.05081e+00		3.96168e-02
1.21000e+00		7.76518e+00		4.00970e-02
1.23000e+00		7.48693e+00		3.79595e-02
1.25000e+00		7.40948e+00		3.87070e-02
1.27000e+00		7.17897e+00		3.75133e-02
1.29000e+00		7.06956e+00		3.78817e-02
1.31000e+00		7.05419e+00		3.76566e-02
1.33000e+00		7.11074e+00		3.78406e-02
1.35000e+00		7.16361e+00		3.72854e-02
1.37000e+00		7.31503e+00		3.82896e-02
1.39000e+00		7.62545e+00		4.00348e-02
1.41000e+00		7.85104e+00		3.98525e-02
1.43000e+00		8.23788e+00		4.15073e-02
1.45000e+00		8.62124e+00		4.20611e-02
1.47000e+00		9.03923e+00		4.30009e-02
1.49000e+00		9.55291e+00		4.36792e-02
1.51000e+00		9.95738e+00		4.37489e-02
1.53000e+00		1.04831e+01		4.59113e-02
1.55000e+00		1.08075e+01		4.68059e-02
1.57000e+00		1.11308e+01		4.66796e-02
1.59000e+00		1.13828e+01		4.72699e-02
1.61000e+00		1.16300e+01		4.76930e-02
1.63000e+00		1.15935e+01		4.95980e-02
1.65000e+00		1.15634e+01		4.78148e-02
1.67000e+00		1.14021e+01		4.76632e-02
1.69000e+00		1.12513e+01		4.62361e-02
1.71000e+00		1.10773e+01		4.71698e-02
1.73000e+00		1.08229e+01		4.61735e-02
1.75000e+00		1.05803e+01		4.44433e-02
1.77000e+00		1.04993e+01		4.48583e-02
1.79000e+00		1.04028e+01		4.44552e-02
1.81000e+00		1.02678e+01		4.51526e-02
1.83000e+00		1.03485e+01		4.47857e-02
1.85000e+00		1.03420e+01		4.54658e-02
1.87000e+00		1.04000e+01		4.42259e-02
1.89000e+00		1.07237e+01		4.61838e-02
1.91000e+00		1.08712e+01		4.65350e-02
1.93000e+00		1.12179e+01		4.65403e-02
1.95000e+00		1.17678e+01		4.93129e-02
1.97000e+00		1.21100e+01		4.74149e-02
1.99000e+00		1.26622e+01		4.98129e-02
2.01000e+00		1.29735e+01		5.19393e-02
2.03000e+00		1.35341e+01		5.15850e-02
2.05000e+00		1.38756e+01		5.24370e-02
2.07000e+00		1.41975e+01		5.48600e-02
2.09000e+00		1.45036e+01		5.08035e-02
2.11000e+00		1.45208e+01		5.42139e-02
2.13000e+00		1.47294e+01		5.45322e-02
2.15000e+00		1.46807e+01		5.46624e-02
2.17000e+00		1.45803e+01		5.31399e-02
2.19000e+00		1.43084e+01		5.42958e-02
2.21000e+00		1.42768e+01		5.25375e-02
2.23000e+00		1.41047e+01		5.12580e-02
2.25000e+00		1.38820e+01		5.17223e-02
2.27000e+00		1.37955e+01		5.22141e-02
2.29000e+00		1.35402e+01		5.01957e-02
2.31000e+00		1.34720e+01		5.15821e-02
2.33000e+00		1.34906e+01		5.27320e-02
2.35000e+00		1.35322e+01		5.21829e-02
2.37000e+00		1.37226e+01		5.14603e-02
2.39000e+00		1.37775e+01		5.17683e-02
2.41000e+00		1.40901e+01		5.27075e-02
2.43000e+00		1.44825e+01		5.05995e-02
2.45000e+00		1.47417e+01		5.32998e-02
2.47000e+00		1.52314e+01		5.46777e-02
2.49000e+00		1.55834e+01		5.46695e-02
2.51000e+00		1.61072e+01		5.70985e-02
2.53000e+00		1.65430e+01		5.94020e-02
2.55000e+00		1.68726e+01		5.63438e-02
2.57000e+00		1.71886e+01		5.97345e-02
2.59000e+00		1.75255e+01		5.77355e-02
2.61000e+00		1.77570e+01		5.70490e-02
2.63000e+00		1.79256e+01		5.85198e-02
2.65000e+00		1.78437e+01		5.97776e-02
2.67000e+00		1.77412e+01		5.79406e-02
2.69000e+00		1.75851e+01		5.75711e-02
2.71000e+00		1.73714e+01		5.90661e-02
2.73000e+00		1.73076e+01		5.98659e-02
2.75000e+00		1.70257e+01		5.72516e-02
2.77000e+00		1.70069e+01		5.95086e-02
2.79000e+00		1.67634e+01		5.79159e-02
2.81000e+00		1.66344e+01		5.66517e-02
2.83000e+00		1.65891e+01		5.72405e-02
2.85000e+00		1.67243e+01		5.75599e-02
2.87000e+00		1.67751e+01		5.70927e-02
2.89000e+00		1.69546e+01		6.02685e-02
2.91000e+00		1.72533e+01		5.77155e-02
2.93000e+00		1.76310e+01		6.03898e-02
2.95000e+00		1.78096e+01		5.85359e-02
2.97000e+00		1.83647e+01		5.88045e-02
2.99000e+00		1.87952e+01		6.06575e-02
3.01000e+00		1.91935e+01		6.12314e-02
3.03000e+00		1.97601e+01		6.13447e-02
3.05000e+00		2.00387e+01		6.40709e-02
3.07000e+00		2.02684e+01		6.48134e-02
3.09000e+00		2.05954e+01		6.49127e-02
3.11000e+00		2.08009e+01		6.45291e-02
3.13000e+00		2.10378e+01		6.20844e-02
3.15000e+00		2.09396e+01		6.50045e-02
3.17000e+00		2.09364e+01		6.26574e-02
3.19000e+00		2.07880e+01		6.62242e-02
3.21000e+00		2.06319e+01		6.45453e-02
3.23000e+00		2.03827e+01		6.31585e-02
3.25000e+00		2.03405e+01		6.69588e-02
3.27000e+00		2.00598e+01		6.05339e-02
3.29000e+00		1.99445e+01		6.35003e-02
3.31000e+00		1.97855e+01		6.28429e-02
3.33000e+00		1.97109e+01		6.16281e-02
3.35000e+00		1.98336e+01		6.48078e-02
3.37000e+00		1.98500e+01		6.39395e-02
3.39000e+00		2.00041e+01		6.32810e-02
3.41000e+00		2.03500e+01		6.49209e-02
3.43000e+00		2.06741e+01		6.42356e-02
3.45000e+00		2.11157e+01		6.34499e-02
3.47000e+00		2.14353e+01		6.62024e-02
3.49000e+00		2.18584e+01		6.92472e-02
3.51000e+00		2.23225e+01		6.48022e-02
3.53000e+00		2.25897e+01		6.65952e-02
3.55000e+00		2.33025e+01		6.90788e-02
3.57000e+00		2.35718e+01		7.13697e-02
3.59000e+00		2.37504e+01		6.73363e-02
3.61000e+00		2.40340e+01		6.95193e-02
3.63000e+00		2.41672e+01		7.18937e-02
3.65000e+00		2.42155e+01		7.02198e-02
3.67000e+00		2.40602e+01		6.92961e-02
3.69000e+00		2.40533e+01		6.72903e-02
3.71000e+00		2.37035e+01		6.81164e-02
3.73000e+00		2.35656e+01		6.89989e-02
3.75000e+00		2.33167e+01		7.09749e-02
3.77000e+00		2.32320e+01		6.86722e-02
3.79000e+00		2.31218e+01		6.87739e-02
3.81000e+00		2.30357e+01		6.65028e-02
3.83000e+00		2.28829e+01		6.88507e-02
3.85000e+00		2.30163e+01		6.99687e-02
3.87000e+00		2.29735e+01		6.65401e-02
3.89000e+00		2.33060e+01		6.26489e-02
3.91000e+00		2.34062e+01		6.94407e-02
3.93000e+00		2.37490e+01		6.76858e-02
3.95000e+00		2.42588e+01		6.97437e-02
3.97000e+00		2.45694e+01		7.04793e-02
3.99000e+00		2.48927e+01		6.99960e-02
4.01000e+00		2.54113e+01		6.99537e-02
4.03000e+00		2.59586e+01		7.18222e-02
4.05000e+00		2.63649e+01		7.25264e-02
4.07000e+00		2.66022e+01		7.06136e-02
4.09000e+00		2.68796e+01		7.43218e-02
4.11000e+00		2.72517e+01		7.41149e-02
4.13000e+00		2.73863e+01		7.29925e-02
4.15000e+00		2.72847e+01		7.30743e-02
4.17000e+00		2.72212e+01		7.40161e-02
4.19000e+00		2.71075e+01		7.26993e-02
4.21000e+00		2.69683e+01		7.22524e-02
4.23000e+00		2.66960e+01		7.26268e-02
4.25000e+00		2.67374e+01		7.46827e-02
4.27000e+00		2.65184e+01		7.20996e-02
4.29000e+00		2.62553e+01		7.30839e-02
4.31000e+00		2.60621e+01		7.11666e-02
4.33000e+00		2.61994e+01		7.18226e-02
4.35000e+00		2.60250e+01		7.14351e-02
4.37000e+00		2.62381e+01		7.33591e-02
4.39000e+00		2.63178e+01		6.99140e-02
4.41000e+00		2.65157e+01		7.07725e-02
4.43000e+00		2.68638e+01		7.45518e-02
4.45000e+00		2.72441e+01		7.23855e-02
4.47000e+00		2.76736e+01		7.60645e-02
4.49000e+00		2.82186e+01		7.72134e-02
4.51000e+00		2.86298e+01		7.51435e-02
4.53000e+00		2.89696e+01		7.54721e-02
4.55000e+00		2.94304e+01		7.43106e-02
4.57000e+00		2.97187e+01		7.61036e-02
4.59000e+00		3.00348e+01		7.49455e-02
4.61000e+00		3.04034e+01		8.06431e-02
4.63000e+00		3.03532e+01		7.74633e-02
4.65000e+00		3.06003e+01		7.48280e-02
4.67000e+00		3.04590e+01		7.88352e-02
4.69000e+00		3.02483e+01		7.74270e-02
4.71000e+00		3.01479e+01		7.84508e-02
4.73000e+00		3.00186e+01		7.94593e-02
4.75000e+00		2.97891e+01		8.05495e-02
4.77000e+00		2.96447e+01		7.65758e-02
4.79000e+00		2.95013e+01		7.55960e-02
4.81000e+00		2.92771e+01		7.60488e-02
4.83000e+00		2.92232e+01		7.71360e-02
4.85000e+00		2.92249e+01		7.65670e-02
4.87000e+00		2.93437e+01		7.71433e-02
4.89000e+00		2.94912e+01		7.83019e-02
4.91000e+00		2.97285e+01		7.63698e-02
4.93000e+00		3.01061e+01		7.54518e-02
4.95000e+00		3.04719e+01		7.85357e-02
4.97000e+00		3.09146e+01		7.52561e-02
4.99000e+00		3.11945e+01		7.84058e-02
5.01000e+00		3.13655e+01		8.07956e-02
