# r	g(r)	sigma(g)
1.00000e-02		1.05932e-01		4.53101e-03
3.00000e-02		3.29065e-01		8.08944e-03
5.00000e-02		4.94621e-01		9.90257e-03
7.00000e-02		6.36410e-01		1.17084e-02
9.00000e-02		7.56684e-01		1.25991e-02
1.10000e-01		8.56674e-01		1.33885e-02
1.30000e-01		8.72246e-01		1.33386e-02
1.50000e-01		9.19578e-01		1.36505e-02
1.70000e-01		9.13840e-01		1.38354e-02
1.90000e-01		9.35764e-01		1.32231e-02
2.10000e-01		9.09947e-01		1.34067e-02
2.30000e-01		9.23675e-01		1.34183e-02
2.50000e-01		9.60762e-01		1.39423e-02
2.70000e-01		1.00707e+00		1.40855e-02
2.90000e-01		1.08575e+00		1.49701e-02
3.10000e-01		1.15644e+00		1.54931e-02
3.30000e-01		1.23922e+00		1.54832e-02
3.50000e-01		1.42957e+00		1.75600e-02
3.70000e-01		1.65044e+00		1.91823e-02
3.90000e-01		1.88690e+00		1.94087e-02
4.10000e-01		2.22006e+00		2.18347e-02
4.30000e-01		2.57965e+00		2.34719e-02
4.50000e-01		3.06567e+00		2.41147e-02
4.70000e-01		3.50743e+00		2.58546e-02
4.90000e-01		4.14179e+00		2.85248e-02
5.10000e-01		4.58908e+00		3.02183e-02
5.30000e-01		5.10275e+00		3.02291e-02
5.50000e-01		5.41993e+00		3.25779e-02
5.70000e-01		5.64061e+00		3.33398e-02
5.90000e-01		5.78568e+00		3.46373e-02
6.10000e-01		5.74019e+00		3.35100e-02
6.30000e-01		5.59266e+00		3.28632e-02
6.50000e-01		5.18963e+00		3.08984e-02
6.70000e-01		4.80135e+00		3.14281e-02
6.90000e-01		4.37516e+00		2.89078e-02
7.10000e-01		4.07253e+00		2.77620e-02
7.30000e-01		3.73466e+00		2.67339e-02
7.50000e-01		3.42649e+00		2.63812e-02
7.70000e-01		3.26585e+00		2.57234e-02
7.90000e-01		3.18471e+00		2.52846e-02
8.10000e-01		3.18430e+00		2.46735e-02
8.30000e-01		3.27569e+00		2.65349e-02
8.50000e-01		3.45784e+00		2.63305e-02
8.70000e-01		3.61110e+00		2.77794e-02
8.90000e-01		4.05286e+00		2.92261e-02
9.10000e-01		4.45733e+00		3.09071e-02
9.30000e-01		4.83127e+00		3.12519e-02
9.50000e-01		5.46358e+00		3.26891e-02
9.70000e-01		6.11843e+00		3.38141e-02
9.90000e-01		6.79213e+00		3.67122e-02
1.01000e+00		7.43202e+00		3.93234e-02
1.03000e+00		8.13687e+00		4.11834e-02
1.05000e+00		8.66120e+00		4.19587e-02
1.07000e+00		9.05911e+00		4.39561e-02
1.09000e+00		9.30171e+00		4.29631e-02
1.11000e+00		9.47976e+00		4.36905e-02
1.13000e+00		9.40477e+00		4.29146e-02
1.15000e+00		9.08738e+00		4.16959e-02
1.17000e+00		8.86774e+00		4.17745e-02
1.19000e+00		8.41573e+00		3.93313e-02
1.21000e+00		7.99303e+00		4.02248e-02
1.23000e+00		7.47689e+00		3.91795e-02
1.25000e+00		7.14414e+00		3.78108e-02
1.27000e+00		6.73660e+00		3.63473e-02
1.29000e+00		6.47106e+00		3.55662e-02
1.31000e+00		6.40467e+00		3.62882e-02
1.33000e+00		6.26247e+00		3.58095e-02
1.35000e+00		6.30857e+00		3.58395e-02
1.37000e+00		6.45897e+00		3.63310e-02
1.39000e+00		6.70935e+00		3.71442e-02
1.41000e+00		6.98186e+00		3.78860e-02
1.43000e+00		7.46399e+00		3.82860e-02
1.45000e+00		8.05942e+00		4.11177e-02
1.47000e+00		8.56633e+00		4.28590e-02
1.49000e+00		9.27732e+00		4.50702e-02
1.51000e+00		9.98668e+00		4.51213e-02
1.53000e+00		1.07893e+01		4.66147e-02
1.55000e+00		1.13601e+01		4.69241e-02
1.57000e+00		1.19133e+01		4.86754e-02
1.59000e+00		1.23528e+01		4.91255e-02
1.61000e+00		1.26116e+01		5.06106e-02
1.63000e+00		1.26737e+01		5.21160e-02
1.65000e+00		1.25663e+01		4.92228e-02
1.67000e+00		1.23471e+01		4.93291e-02
1.69000e+00		1.20375e+01		4.86409e-02
1.71000e+00		1.16797e+01		5.00986e-02
1.73000e+00		1.13070e+01		4.73032e-02
1.75000e+00		1.07425e+01		4.69948e-02
1.77000e+00		1.03971e+01		4.37599e-02
1.79000e+00		1.00582e+01		4.51650e-02
1.81000e+00		9.78547e+00		4.48012e-02
1.83000e+00		9.63897e+00		4.11997e-02
1.85000e+00		9.62995e+00		4.28753e-02
1.87000e+00		9.70843e+00		4.53294e-02
1.89000e+00		9.79428e+00		4.50528e-02
1.91000e+00		1.00990e+01		4.55363e-02
1.93000e+00		1.06046e+01		4.60070e-02
1.95000e+00		1.11382e+01		4.74777e-02
1.97000e+00		1.16687e+01		4.85701e-02
1.99000e+00		1.23729e+01		5.08673e-02
2.01000e+00		1.26391e+01		4.85701e-02
2.03000e+00		1.31894e+01		5.09492e-02
2.05000e+00		1.37037e+01		5.27793e-02
2.07000e+00		1.40164e+01		5.24006e-02
2.09000e+00		1.42930e+01		5.16609e-02
2.11000e+00		1.46954e+01		5.22309e-02
2.13000e+00		1.48739e+01		5.28838e-02
2.15000e+00		1.50929e+01		5.58947e-02
2.17000e+00		1.49075e+01		5.40437e-02
2.19000e+00		1.50136e+01		5.53213e-02
2.21000e+00		1.49200e+01		5.35055e-02
2.23000e+00		1.45956e+01		5.44933e-02
2.25000e+00		1.45471e+01		5.18240e-02
2.27000e+00		1.43067e+01		5.41629e-02
2.29000e+00		1.41803e+01		5.29000e-02
2.31000e+00		1.40414e+01		5.10134e-02
2.33000e+00		1.38906e+01		5.06924e-02
2.35000e+00		1.37463e+01		5.30913e-02
2.37000e+00		1.35316e+01		5.10430e-02
2.39000e+00		1.36902e+01		5.35206e-02
2.41000e+00		1.39537e+01		5.42474e-02
2.43000e+00		1.40061e+01		5.18769e-02
2.45000e+00		1.42084e+01		5.25528e-02
2.47000e+00		1.46171e+01		5.42104e-02
2.49000e+00		1.48774e+01		5.32673e-02
2.51000e+00		1.53636e+01		5.48431e-02
2.53000e+00		1.58060e+01		5.71228e-02
2.55000e+00		1.60453e+01		5.92812e-02
2.57000e+00		1.66471e+01		5.76193e-02
2.59000e+00		1.71755e+01		5.99863e-02
2.61000e+00		1.73714e+01		5.88624e-02
2.63000e+00		1.76023e+01		6.02663e-02
2.65000e+00		1.78131e+01		6.04940e-02
2.67000e+00		1.78144e+01		6.10721e-02
2.69000e+00		1.80906e+01		5.99512e-02
2.71000e+00		1.80988e+01		6.24212e-02
2.73000e+00		1.79725e+01		6.04392e-02
2.75000e+00		1.79160e+01		6.00967e-02
2.77000e+00		1.78115e+01		5.95599e-02
2.79000e+00		1.75191e+01		5.76513e-02
2.81000e+00		1.73113e+01		5.95396e-02
2.83000e+00		1.71798e+01		5.93305e-02
2.85000e+00		1.72902e+01		5.72500e-02
2.87000e+00		1.71105e+01		5.75318e-02
2.89000e+00		1.71337e+01		5.92873e-02
2.91000e+00		1.72601e+01		5.89912e-02
2.93000e+00		1.73482e+01		5.96039e-02
2.95000e+00		1.76234e+01		5.99031e-02
2.97000e+00		1.79297e+01		6.02799e-02
2.99000e+00		1.81446e+01		6.24795e-02
3.01000e+00		1.83821e+01		6.12951e-02
3.03000e+00		1.88056e+01		6.08177e-02
3.05000e+00		1.92187e+01		6.11782e-02
3.07000e+00		1.95246e+01		6.23456e-02
3.09000e+00		1.98473e+01		6.31371e-02
3.11000e+00		2.02821e+01		6.45991e-02
3.13000e+00		2.03926e+01		6.54095e-02
3.15000e+00		2.05940e+01		6.34264e-02
3.17000e+00		2.07888e+01		6.50403e-02
3.19000e+00		2.09063e+01		6.46076e-02
3.21000e+00		2.10472e+01		6.58339e-02
3.23000e+00		2.11304e+01		6.51498e-02
3.25000e+00		2.09884e+01		6.65213e-02
3.27000e+00		2.09040e+01		6.35238e-02
3.29000e+00		2.08390e+01		6.44042e-02
3.31000e+00		2.07393e+01		6.42275e-02
3.33000e+00		2.06710e+01		6.49274e-02
3.35000e+00		2.07124e+01		6.59143e-02
3.37000e+00		2.04430e+01		6.43318e-02
3.39000e+00		2.06876e+01		6.60601e-02
3.41000e+00		2.07198e+01		6.44577e-02
3.43000e+00		2.08255e+01		6.59324e-02
3.45000e+00		2.07657e+01		6.40495e-02
3.47000e+00		2.11697e+01		6.44018e-02
3.49000e+00		2.12841e+01		6.30935e-02
3.51000e+00		2.15226e+01		6.49891e-02
3.53000e+00		2.19453e+01		6.70823e-02
3.55000e+00		2.20518e+01		6.69732e-02
3.57000e+00		2.25362e+01		6.99417e-02
3.59000e+00		2.27475e+01		6.62231e-02
3.61000e+00		2.31091e+01		6.81966e-02
3.63000e+00		2.33701e+01		6.66826e-02
3.65000e+00		2.34298e+01		6.81453e-02
3.67000e+00		2.35910e+01		6.90650e-02
3.69000e+00		2.38101e+01		6.81198e-02
3.71000e+00		2.39842e+01		6.98471e-02
3.73000e+00		2.40268e+01		6.77211e-02
3.75000e+00		2.40688e+01		6.86248e-02
3.77000e+00		2.40955e+01		6.84959e-02
3.79000e+00		2.41324e+01		6.88530e-02
3.81000e+00		2.39293e+01		6.89581e-02
3.83000e+00		2.40205e+01		6.72026e-02
3.85000e+00		2.39701e+01		7.00335e-02
3.87000e+00		2.38828e+01		6.99481e-02
3.89000e+00		2.38863e+01		7.20164e-02
3.91000e+00		2.38758e+01		6.83081e-02
3.93000e+00		2.42291e+01		6.97175e-02
3.95000e+00		2.42979e+01		7.17098e-02
3.97000e+00		2.43373e+01		6.79565e-02
3.99000e+00		2.45782e+01		6.88188e-02
4.01000e+00		2.47944e+01		7.06987e-02
4.03000e+00		2.50130e+01		6.85231e-02
4.05000e+00		2.52228e+01		7.05742e-02
4.07000e+00		2.54638e+01		7.11546e-02
4.09000e+00		2.57031e+01		7.06349e-02
4.11000e+00		2.60322e+01		7.23452e-02
4.13000e+00		2.60248e+01		7.14185e-02
4.15000e+00		2.64922e+01		7.23293e-02
4.17000e+00		2.65835e+01		6.97464e-02
4.19000e+00		2.66764e+01		7.22974e-02
4.21000e+00		2.68925e+01		7.24420e-02
4.23000e+00		2.71130e+01		7.30496e-02
4.25000e+00		2.70681e+01		7.26180e-02
4.27000e+00		2.74011e+01		7.21081e-02
4.29000e+00		2.71712e+01		7.64236e-02
4.31000e+00		2.72460e+01		7.43368e-02
4.33000e+00		2.72222e+01		7.41717e-02
4.35000e+00		2.71902e+01		7.23853e-02
4.37000e+00		2.71740e+01		7.33547e-02
4.39000e+00		2.72640e+01		7.37728e-02
4.41000e+00		2.75298e+01		7.40751e-02
4.43000e+00		2.73431e+01		7.30436e-02
4.45000e+00		2.75799e+01		7.24103e-02
4.47000e+00		2.77256e+01		7.55052e-02
4.49000e+00		2.77889e+01		7.60237e-02
4.51000e+00		2.77601e+01		7.43647e-02
4.53000e+00		2.81879e+01		7.10793e-02
4.55000e+00		2.82893e+01		7.68175e-02
4.57000e+00		2.85956e+01		7.78080e-02
4.59000e+00		2.87108e+01		7.56306e-02
4.61000e+00		2.91038e+01		7.66690e-02
4.63000e+00		2.93923e+01		7.73862e-02
4.65000e+00		2.92865e+01		7.77055e-02
4.67000e+00		2.97422e+01		7.64654e-02
4.69000e+00		2.97670e+01		7.76805e-02
4.71000e+00		2.98531e+01		7.69615e-02
4.73000e+00		3.00940e+01		7.56232e-02
4.75000e+00		3.01604e+01		7.66823e-02
4.77000e+00		3.04213e+01		7.89596e-02
4.79000e+00		3.03383e+01		7.80326e-02
4.81000e+00		3.02475e+01		7.42887e-02
4.83000e+00		3.04379e+01		7.90035e-02
4.85000e+00		3.03956e+01		7.64219e-02
4.87000e+00		3.04780e+01		7.52744e-02
4.89000e+00		3.06788e+01		7.48148e-02
4.91000e+00		3.04032e+01		8.06782e-02
4.93000e+00		3.05796e+01		7.71651e-02
4.95000e+00		3.09620e+01		7.67954e-02
4.97000e+00		3.10439e+01		7.97005e-02
4.99000e+00		3.10790e+01		7.76373e-02
5.01000e+00		3.11380e+01		7.87382e-02
