# r	g(r)	sigma(g)
1.00000e-02		3.23737e-02		2.59811e-03
3.00000e-02		1.04702e-01		4.89717e-03
5.00000e-02		1.79695e-01		6.01610e-03
7.00000e-02		2.43827e-01		7.05511e-03
9.00000e-02		3.21688e-01		7.81354e-03
1.10000e-01		3.93607e-01		8.84976e-03
1.30000e-01		4.61633e-01		9.68389e-03
1.50000e-01		5.31503e-01		1.03735e-02
1.70000e-01		6.17764e-01		1.07546e-02
1.90000e-01		7.20623e-01		1.16427e-02
2.10000e-01		8.03196e-01		1.26612e-02
2.30000e-01		9.17733e-01		1.32929e-02
2.50000e-01		1.03985e+00		1.40847e-02
2.70000e-01		1.17099e+00		1.55099e-02
2.90000e-01		1.33367e+00		1.65421e-02
3.10000e-01		1.49903e+00		1.66377e-02
3.30000e-01		1.73240e+00		1.82092e-02
3.50000e-01		1.91415e+00		1.96439e-02
3.70000e-01		2.15367e+00		2.07036e-02
3.90000e-01		2.46081e+00		2.19908e-02
4.10000e-01		2.73660e+00		2.37304e-02
4.30000e-01		3.11054e+00		2.48360e-02
4.50000e-01		3.47895e+00		2.63948e-02
4.70000e-01		3.83075e+00		2.75926e-02
4.90000e-01		4.25387e+00		2.97278e-02
5.10000e-01		4.60342e+00		3.00440e-02
5.30000e-01		4.94150e+00		3.00845e-02
5.50000e-01		5.17447e+00		3.14938e-02
5.70000e-01		5.27774e+00		3.25533e-02
5.90000e-01		5.42444e+00		3.20766e-02
6.10000e-01		5.34453e+00		3.16408e-02
6.30000e-01		5.17426e+00		3.20541e-02
6.50000e-01		5.06546e+00		3.21742e-02
6.70000e-01		4.76099e+00		3.07090e-02
6.90000e-01		4.51081e+00		3.00642e-02
7.10000e-01		4.21944e+00		2.90418e-02
7.30000e-01		4.04077e+00		2.77790e-02
7.50000e-01		3.90984e+00		2.83005e-02
7.70000e-01		3.84817e+00		2.84373e-02
7.90000e-01		3.74859e+00		2.72929e-02
8.10000e-01		3.74716e+00		2.77140e-02
8.30000e-01		3.89837e+00		2.82690e-02
8.50000e-01		4.05122e+00		2.90269e-02
8.70000e-01		4.27804e+00		2.91969e-02
8.90000e-01		4.55424e+00		3.09558e-02
9.10000e-01		4.88208e+00		3.26555e-02
9.30000e-01		5.21811e+00		3.16390e-02
9.50000e-01		5.66089e+00		3.37561e-02
9.70000e-01		6.15183e+00		3.46415e-02
9.90000e-01		6.67862e+00		3.64252e-02
1.01000e+00		7.09210e+00		3.60791e-02
1.03000e+00		7.54656e+00		3.70870e-02
1.05000e+00		7.84325e+00		3.91671e-02
1.07000e+00		8.15203e+00		4.04790e-02
1.09000e+00		8.34340e+00		4.09327e-02
1.11000e+00		8.55875e+00		4.37886e-02
1.13000e+00		8.56387e+00		4.01603e-02
1.15000e+00		8.45528e+00		4.15554e-02
1.17000e+00		8.25981e+00		3.94042e-02
1.19000e+00		8.04753e+00		3.93466e-02
1.21000e+00		7.78588e+00		3.89325e-02
1.23000e+00		7.59512e+00		3.88171e-02
1.25000e+00		7.39739e+00		3.77580e-02
1.27000e+00		7.12324e+00		3.65623e-02
1.29000e+00		7.00789e+00		3.73471e-02
1.31000e+00		6.99293e+00		3.78449e-02
1.33000e+00		7.01219e+00		3.76101e-02
1.35000e+00		7.05891e+00		3.86821e-02
1.37000e+00		7.21709e+00		3.90700e-02
1.39000e+00		7.58365e+00		3.79710e-02
1.41000e+00		7.84079e+00		3.99282e-02
1.43000e+00		8.17088e+00		4.06430e-02
1.45000e+00		8.62596e+00		4.20118e-02
1.47000e+00		9.00440e+00		4.34108e-02
1.49000e+00		9.49390e+00		4.13205e-02
1.51000e+00		1.00076e+01		4.53377e-02
1.53000e+00		1.05450e+01		4.51717e-02
1.55000e+00		1.08599e+01		4.73024e-02
1.57000e+00		1.11474e+01		4.69634e-02
1.59000e+00		1.15363e+01		4.89462e-02
1.61000e+00		1.16838e+01		4.82417e-02
1.63000e+00		1.16324e+01		4.95731e-02
1.65000e+00		1.16726e+01		4.57639e-02
1.67000e+00		1.15164e+01		4.74686e-02
1.69000e+00		1.12720e+01		4.74153e-02
1.71000e+00		1.10743e+01		4.72174e-02
1.73000e+00		1.09169e+01		4.57839e-02
1.75000e+00		1.06815e+01		4.35679e-02
1.77000e+00		1.04702e+01		4.51016e-02
1.79000e+00		1.02965e+01		4.69767e-02
1.81000e+00		1.02373e+01		4.44898e-02
1.83000e+00		1.01809e+01		4.53329e-02
1.85000e+00		1.02369e+01		4.59336e-02
1.87000e+00		1.04053e+01		4.57835e-02
1.89000e+00		1.05553e+01		4.48934e-02
1.91000e+00		1.09165e+01		4.56458e-02
1.93000e+00		1.12982e+01		4.56643e-02
1.95000e+00		1.17138e+01		4.73588e-02
1.97000e+00		1.20885e+01		4.82221e-02
1.99000e+00		1.26065e+01		5.16220e-02
2.01000e+00		1.29569e+01		5.09261e-02
2.03000e+00		1.33566e+01		5.13680e-02
2.05000e+00		1.38121e+01		5.21751e-02
2.07000e+00		1.40758e+01		5.28546e-02
2.09000e+00		1.43653e+01		5.36311e-02
2.11000e+00		1.45784e+01		5.42412e-02
2.13000e+00		1.47075e+01		5.44600e-02
2.15000e+00		1.46700e+01		5.29235e-02
2.17000e+00		1.46249e+01		5.40600e-02
2.19000e+00		1.45737e+01		5.48747e-02
2.21000e+00		1.43383e+01		5.33235e-02
2.23000e+00		1.41436e+01		5.44329e-02
2.25000e+00		1.38766e+01		5.42444e-02
2.27000e+00		1.38400e+01		5.44172e-02
2.29000e+00		1.35574e+01		5.30727e-02
2.31000e+00		1.36142e+01		5.39937e-02
2.33000e+00		1.34505e+01		5.12263e-02
2.35000e+00		1.35927e+01		5.12254e-02
2.37000e+00		1.36291e+01		4.95510e-02
2.39000e+00		1.38699e+01		5.21479e-02
2.41000e+00		1.40820e+01		5.36960e-02
2.43000e+00		1.44758e+01		5.38177e-02
2.45000e+00		1.48069e+01		5.46345e-02
2.47000e+00		1.51056e+01		5.42983e-02
2.49000e+00		1.55144e+01		5.46707e-02
2.51000e+00		1.60914e+01		5.62710e-02
2.53000e+00		1.65241e+01		5.68618e-02
2.55000e+00		1.69651e+01		5.52484e-02
2.57000e+00		1.72130e+01		6.03559e-02
2.59000e+00		1.75597e+01		5.87112e-02
2.61000e+00		1.77375e+01		5.90424e-02
2.63000e+00		1.78424e+01		5.73545e-02
2.65000e+00		1.78119e+01		5.79764e-02
2.67000e+00		1.78521e+01		5.98934e-02
2.69000e+00		1.76203e+01		5.98193e-02
2.71000e+00		1.74347e+01		6.03537e-02
2.73000e+00		1.73288e+01		5.83608e-02
2.75000e+00		1.70331e+01		5.71751e-02
2.77000e+00		1.69987e+01		5.98336e-02
2.79000e+00		1.67882e+01		5.55937e-02
2.81000e+00		1.66735e+01		5.73025e-02
2.83000e+00		1.66411e+01		5.74529e-02
2.85000e+00		1.67231e+01		5.86292e-02
2.87000e+00		1.67302e+01		5.62900e-02
2.89000e+00		1.69497e+01		5.76537e-02
2.91000e+00		1.71665e+01		5.91480e-02
2.93000e+00		1.75468e+01		5.84353e-02
2.95000e+00		1.78998e+01		5.91694e-02
2.97000e+00		1.84342e+01		5.89309e-02
2.99000e+00		1.88052e+01		6.06133e-02
3.01000e+00		1.91697e+01		6.03495e-02
3.03000e+00		1.97301e+01		6.25963e-02
3.05000e+00		1.99957e+01		6.35339e-02
3.07000e+00		2.03120e+01		6.30054e-02
3.09000e+00		2.05770e+01		6.47332e-02
3.11000e+00		2.07962e+01		6.44625e-02
3.13000e+00		2.09356e+01		6.43432e-02
3.15000e+00		2.09487e+01		6.68273e-02
3.17000e+00		2.08974e+01		6.41329e-02
3.19000e+00		2.08054e+01		6.64552e-02
3.21000e+00		2.05739e+01		6.55657e-02
3.23000e+00		2.04209e+01		6.42719e-02
3.25000e+00		2.02332e+01		6.73715e-02
3.27000e+00		2.02178e+01		6.21818e-02
3.29000e+00		1.98219e+01		6.17534e-02
3.31000e+00		1.99129e+01		6.31221e-02
3.33000e+00		1.99273e+01		6.48003e-02
3.35000e+00		1.98445e+01		6.00478e-02
3.37000e+00		2.00600e+01		6.20379e-02
3.39000e+00		2.00901e+01		6.08769e-02
3.41000e+00		2.04106e+01		6.31665e-02
3.43000e+00		2.06507e+01		6.35478e-02
3.45000e+00		2.09792e+01		6.75183e-02
3.47000e+00		2.12980e+01		6.46010e-02
3.49000e+00		2.18656e+01		6.58815e-02
3.51000e+00		2.23014e+01		6.37162e-02
3.53000e+00		2.26905e+01		6.52749e-02
3.55000e+00		2.30450e+01		6.86390e-02
3.57000e+00		2.35400e+01		6.95180e-02
3.59000e+00		2.38338e+01		6.97684e-02
3.61000e+00		2.40258e+01		6.94768e-02
3.63000e+00		2.40354e+01		7.00278e-02
3.65000e+00		2.41410e+01		6.60423e-02
3.67000e+00		2.41893e+01		6.74926e-02
3.69000e+00		2.39832e+01		6.76205e-02
3.71000e+00		2.38346e+01		6.84949e-02
3.73000e+00		2.37101e+01		6.66820e-02
3.75000e+00		2.35599e+01		6.51801e-02
3.77000e+00		2.32558e+01		6.73361e-02
3.79000e+00		2.30456e+01		6.66868e-02
3.81000e+00		2.30911e+01		6.77056e-02
3.83000e+00		2.29009e+01		6.68195e-02
3.85000e+00		2.30855e+01		6.62765e-02
3.87000e+00		2.32091e+01		6.79006e-02
3.89000e+00		2.31150e+01		6.97634e-02
3.91000e+00		2.34939e+01		6.77010e-02
3.93000e+00		2.38146e+01		6.76898e-02
3.95000e+00		2.41551e+01		7.05705e-02
3.97000e+00		2.44340e+01		6.94711e-02
3.99000e+00		2.49528e+01		6.78515e-02
4.01000e+00		2.52798e+01		6.80265e-02
4.03000e+00		2.57807e+01		7.38193e-02
4.05000e+00		2.63375e+01		7.52801e-02
4.07000e+00		2.65454e+01		7.35859e-02
4.09000e+00		2.69085e+01		7.17912e-02
4.11000e+00		2.70454e+01		7.39364e-02
4.13000e+00		2.72033e+01		7.40925e-02
4.15000e+00		2.71700e+01		7.33931e-02
4.17000e+00		2.72480e+01		7.27508e-02
4.19000e+00		2.72122e+01		7.28646e-02
4.21000e+00		2.69833e+01		7.28579e-02
4.23000e+00		2.69358e+01		7.23253e-02
4.25000e+00		2.66311e+01		7.35908e-02
4.27000e+00		2.65280e+01		7.48441e-02
4.29000e+00		2.62440e+01		7.06412e-02
4.31000e+00		2.63448e+01		7.33927e-02
4.33000e+00		2.62848e+01		7.40116e-02
4.35000e+00		2.63315e+01		7.25459e-02
4.37000e+00		2.63049e+01		7.14777e-02
4.39000e+00		2.64782e+01		7.32994e-02
4.41000e+00		2.65268e+01		7.26505e-02
4.43000e+00		2.68351e+01		7.26812e-02
4.45000e+00		2.73216e+01		7.32396e-02
4.47000e+00		2.76207e+01		7.30837e-02
4.49000e+00		2.80490e+01		7.58323e-02
4.51000e+00		2.85094e+01		7.19079e-02
4.53000e+00		2.87979e+01		7.71357e-02
4.55000e+00		2.93755e+01		7.57429e-02
4.57000e+00		2.96086e+01		7.54554e-02
4.59000e+00		3.01217e+01		7.49300e-02
4.61000e+00		3.02030e+01		7.33614e-02
4.63000e+00		3.03067e+01		7.73536e-02
4.65000e+00		3.03256e+01		7.80605e-02
4.67000e+00		3.04758e+01		7.47136e-02
4.69000e+00		3.01975e+01		7.81541e-02
4.71000e+00		3.00324e+01		7.75237e-02
4.73000e+00		3.00158e+01		7.67544e-02
4.75000e+00		2.97662e+01		7.89903e-02
4.77000e+00		2.96754e+01		7.46324e-02
4.79000e+00		2.96748e+01		7.79337e-02
4.81000e+00		2.94136e+01		7.39757e-02
4.83000e+00		2.93669e+01		7.62062e-02
4.85000e+00		2.93048e+01		7.95993e-02
4.87000e+00		2.94814e+01		7.99138e-02
4.89000e+00		2.94763e+01		7.29918e-02
4.91000e+00		2.96838e+01		7.65193e-02
4.93000e+00		3.00399e+01		7.68415e-02
4.95000e+00		3.05694e+01		7.82201e-02
4.97000e+00		3.09722e+01		7.70388e-02
4.99000e+00		3.13074e+01		7.65108e-02
5.01000e+00		3.12846e+01		8.35984e-02
