# r	g(r)	sigma(g)
1.00000e-02		3.27835e-02		2.54387e-03
3.00000e-02		1.12284e-01		4.68432e-03
5.00000e-02		1.83178e-01		6.09440e-03
7.00000e-02		2.51818e-01		7.20731e-03
9.00000e-02		3.29474e-01		8.26276e-03
1.10000e-01		4.00164e-01		9.00210e-03
1.30000e-01		4.73517e-01		9.86560e-03
1.50000e-01		5.43797e-01		1.02390e-02
1.70000e-01		6.31697e-01		1.14451e-02
1.90000e-01		7.00543e-01		1.19779e-02
2.10000e-01		7.81887e-01		1.29508e-02
2.30000e-01		9.32281e-01		1.42051e-02
2.50000e-01		1.04620e+00		1.42037e-02
2.70000e-01		1.16668e+00		1.48361e-02
2.90000e-01		1.37097e+00		1.60492e-02
3.10000e-01		1.50312e+00		1.80210e-02
3.30000e-01		1.73117e+00		1.85297e-02
3.50000e-01		1.90943e+00		1.92233e-02
3.70000e-01		2.12745e+00		2.04644e-02
3.90000e-01		2.47167e+00		2.25695e-02
4.10000e-01		2.78783e+00		2.34952e-02
4.30000e-01		3.13595e+00		2.49654e-02
4.50000e-01		3.44411e+00		2.57099e-02
4.70000e-01		3.83178e+00		2.78366e-02
4.90000e-01		4.19506e+00		2.78457e-02
5.10000e-01		4.56326e+00		2.94963e-02
5.30000e-01		4.88905e+00		3.21738e-02
5.50000e-01		5.12427e+00		3.15150e-02
5.70000e-01		5.29515e+00		3.15410e-02
5.90000e-01		5.40313e+00		3.28124e-02
6.10000e-01		5.39514e+00		3.30870e-02
6.30000e-01		5.22631e+00		3.16459e-02
6.50000e-01		4.94252e+00		2.98529e-02
6.70000e-01		4.74705e+00		3.05990e-02
6.90000e-01		4.53621e+00		3.12660e-02
7.10000e-01		4.20653e+00		2.84650e-02
7.30000e-01		4.07724e+00		2.83774e-02
7.50000e-01		3.85657e+00		2.74790e-02
7.70000e-01		3.74695e+00		2.73234e-02
7.90000e-01		3.73363e+00		2.71044e-02
8.10000e-01		3.74675e+00		2.74460e-02
8.30000e-01		3.89653e+00		2.84458e-02
8.50000e-01		3.98729e+00		3.03975e-02
8.70000e-01		4.27825e+00		2.93881e-02
8.90000e-01		4.54871e+00		3.01037e-02
9.10000e-01		4.89540e+00		3.02654e-02
9.30000e-01		5.25704e+00		3.22711e-02
9.50000e-01		5.65700e+00		3.47387e-02
9.70000e-01		6.17416e+00		3.49958e-02
9.90000e-01		6.63374e+00		3.64248e-02
1.01000e+00		7.14599e+00		3.81397e-02
1.03000e+00		7.50660e+00		3.91519e-02
1.05000e+00		7.92480e+00		3.84925e-02
1.07000e+00		8.21247e+00		4.14172e-02
1.09000e+00		8.33603e+00		3.92425e-02
1.11000e+00		8.52679e+00		4.09772e-02
1.13000e+00		8.43602e+00		4.01712e-02
1.15000e+00		8.50015e+00		4.16117e-02
1.17000e+00		8.26042e+00		4.01183e-02
1.19000e+00		7.98729e+00		4.01651e-02
1.21000e+00		7.86354e+00		3.99804e-02
1.23000e+00		7.56275e+00		3.92199e-02
1.25000e+00		7.34433e+00		3.95806e-02
1.27000e+00		7.11976e+00		3.75114e-02
1.29000e+00		7.04518e+00		3.80251e-02
1.31000e+00		7.01280e+00		3.70396e-02
1.33000e+00		6.96691e+00		3.78532e-02
1.35000e+00		7.01670e+00		3.74986e-02
1.37000e+00		7.25806e+00		3.86986e-02
1.39000e+00		7.52279e+00		3.94211e-02
1.41000e+00		7.78506e+00		3.95334e-02
1.43000e+00		8.18994e+00		4.12632e-02
1.45000e+00		8.56613e+00		4.06827e-02
1.47000e+00		9.11279e+00		4.11426e-02
1.49000e+00		9.43407e+00		4.33740e-02
1.51000e+00		9.97602e+00		4.56051e-02
1.53000e+00		1.04112e+01		4.49707e-02
1.55000e+00		1.08393e+01		4.45684e-02
1.57000e+00		1.11734e+01		4.55052e-02
1.59000e+00		1.14091e+01		4.76318e-02
1.61000e+00		1.16041e+01		4.92776e-02
1.63000e+00		1.17131e+01		4.97342e-02
1.65000e+00		1.16744e+01		4.77435e-02
1.67000e+00		1.15947e+01		4.80512e-02
1.69000e+00		1.13882e+01		4.78294e-02
1.71000e+00		1.10970e+01		4.80296e-02
1.73000e+00		1.09216e+01		4.64697e-02
1.75000e+00		1.06538e+01		4.52841e-02
1.77000e+00		1.04014e+01		4.49048e-02
1.79000e+00		1.02856e+01		4.48736e-02
1.81000e+00		1.02901e+01		4.51703e-02
1.83000e+00		1.01678e+01		4.48441e-02
1.85000e+00		1.03110e+01		4.45569e-02
1.87000e+00		1.03567e+01		4.67726e-02
1.89000e+00		1.06460e+01		4.58709e-02
1.91000e+00		1.09325e+01		4.80496e-02
1.93000e+00		1.12003e+01		4.76627e-02
1.95000e+00		1.16728e+01		4.91238e-02
1.97000e+00		1.20572e+01		4.71503e-02
1.99000e+00		1.26135e+01		5.04168e-02
2.01000e+00		1.29870e+01		4.84045e-02
2.03000e+00		1.33187e+01		5.03249e-02
2.05000e+00		1.37494e+01		5.33979e-02
2.07000e+00		1.40428e+01		5.46888e-02
2.09000e+00		1.43604e+01		5.38750e-02
2.11000e+00		1.44534e+01		5.41722e-02
2.13000e+00		1.46977e+01		5.40872e-02
2.15000e+00		1.46712e+01		5.21178e-02
2.17000e+00		1.45569e+01		5.31261e-02
2.19000e+00		1.44948e+01		5.28045e-02
2.21000e+00		1.43432e+01		5.35225e-02
2.23000e+00		1.41311e+01		5.17189e-02
2.25000e+00		1.40025e+01		5.30244e-02
2.27000e+00		1.38092e+01		5.25768e-02
2.29000e+00		1.36609e+01		5.19792e-02
2.31000e+00		1.36394e+01		5.25329e-02
2.33000e+00		1.35707e+01		5.04572e-02
2.35000e+00		1.35562e+01		5.06954e-02
2.37000e+00		1.36777e+01		5.37800e-02
2.39000e+00		1.40090e+01		5.49457e-02
2.41000e+00		1.41391e+01		5.32246e-02
2.43000e+00		1.45520e+01		5.24925e-02
2.45000e+00		1.48122e+01		5.51521e-02
2.47000e+00		1.51818e+01		5.47580e-02
2.49000e+00		1.54617e+01		5.34980e-02
2.51000e+00		1.59846e+01		5.72245e-02
2.53000e+00		1.64219e+01		5.45538e-02
2.55000e+00		1.68386e+01		5.93264e-02
2.57000e+00		1.72417e+01		5.78485e-02
2.59000e+00		1.75691e+01		6.13115e-02
2.61000e+00		1.77283e+01		6.11414e-02
2.63000e+00		1.78047e+01		5.95258e-02
2.65000e+00		1.77068e+01		6.08927e-02
2.67000e+00		1.77773e+01		5.76982e-02
2.69000e+00		1.75500e+01		5.97461e-02
2.71000e+00		1.74410e+01		6.06836e-02
2.73000e+00		1.72484e+01		5.90587e-02
2.75000e+00		1.71548e+01		6.04403e-02
2.77000e+00		1.68839e+01		5.83556e-02
2.79000e+00		1.67571e+01		5.85546e-02
2.81000e+00		1.67641e+01		5.75199e-02
2.83000e+00		1.66608e+01		5.81551e-02
2.85000e+00		1.67788e+01		5.76636e-02
2.87000e+00		1.68184e+01		5.94060e-02
2.89000e+00		1.69470e+01		5.65803e-02
2.91000e+00		1.72411e+01		6.01808e-02
2.93000e+00		1.75681e+01		6.10793e-02
2.95000e+00		1.79303e+01		6.03581e-02
2.97000e+00		1.84045e+01		6.39308e-02
2.99000e+00		1.87645e+01		6.15917e-02
3.01000e+00		1.91929e+01		5.95041e-02
3.03000e+00		1.96562e+01		6.13940e-02
3.05000e+00		1.99248e+01		6.26753e-02
3.07000e+00		2.02332e+01		6.21138e-02
3.09000e+00		2.05755e+01		6.33139e-02
3.11000e+00		2.06721e+01		6.34830e-02
3.13000e+00		2.08995e+01		6.48132e-02
3.15000e+00		2.08731e+01		6.56896e-02
3.17000e+00		2.08636e+01		6.52968e-02
3.19000e+00		2.07749e+01		6.59655e-02
3.21000e+00		2.06784e+01		6.67139e-02
3.23000e+00		2.03961e+01		6.38514e-02
3.25000e+00		2.02944e+01		6.25150e-02
3.27000e+00		2.02192e+01		6.47165e-02
3.29000e+00		1.99693e+01		6.26497e-02
3.31000e+00		1.98975e+01		6.35748e-02
3.33000e+00		1.99285e+01		6.37662e-02
3.35000e+00		1.99182e+01		6.22159e-02
3.37000e+00		1.99217e+01		6.22166e-02
3.39000e+00		2.01422e+01		6.41935e-02
3.41000e+00		2.03176e+01		6.20652e-02
3.43000e+00		2.06868e+01		6.52241e-02
3.45000e+00		2.09083e+01		6.41513e-02
3.47000e+00		2.14826e+01		6.63237e-02
3.49000e+00		2.19861e+01		6.53415e-02
3.51000e+00		2.22539e+01		6.60458e-02
3.53000e+00		2.27005e+01		6.69965e-02
3.55000e+00		2.31312e+01		6.74951e-02
3.57000e+00		2.35056e+01		6.85276e-02
3.59000e+00		2.37457e+01		6.92313e-02
3.61000e+00		2.39402e+01		6.62631e-02
3.63000e+00		2.41190e+01		6.96371e-02
3.65000e+00		2.41502e+01		6.87630e-02
3.67000e+00		2.39477e+01		6.72586e-02
3.69000e+00		2.39785e+01		6.94125e-02
3.71000e+00		2.38285e+01		6.92766e-02
3.73000e+00		2.37375e+01		7.09519e-02
3.75000e+00		2.36287e+01		6.96328e-02
3.77000e+00		2.32322e+01		6.64690e-02
3.79000e+00		2.31212e+01		7.06680e-02
3.81000e+00		2.29892e+01		6.73627e-02
3.83000e+00		2.29855e+01		6.98020e-02
3.85000e+00		2.31341e+01		7.04601e-02
3.87000e+00		2.31554e+01		6.70740e-02
3.89000e+00		2.33216e+01		7.22279e-02
3.91000e+00		2.35488e+01		6.51926e-02
3.93000e+00		2.38045e+01		6.99103e-02
3.95000e+00		2.40834e+01		6.99251e-02
3.97000e+00		2.44649e+01		6.91217e-02
3.99000e+00		2.49503e+01		7.11491e-02
4.01000e+00		2.52822e+01		7.26027e-02
4.03000e+00		2.58959e+01		7.22126e-02
4.05000e+00		2.63637e+01		7.02007e-02
4.07000e+00		2.64354e+01		7.20107e-02
4.09000e+00		2.68173e+01		7.11623e-02
4.11000e+00		2.69431e+01		7.42806e-02
4.13000e+00		2.72505e+01		7.18578e-02
4.15000e+00		2.73367e+01		7.29203e-02
4.17000e+00		2.72550e+01		7.70627e-02
4.19000e+00		2.71849e+01		7.11184e-02
4.21000e+00		2.68079e+01		7.28308e-02
4.23000e+00		2.68444e+01		7.44725e-02
4.25000e+00		2.66921e+01		7.28350e-02
4.27000e+00		2.64811e+01		7.53323e-02
4.29000e+00		2.64247e+01		7.17831e-02
4.31000e+00		2.62350e+01		7.24293e-02
4.33000e+00		2.62625e+01		7.32926e-02
4.35000e+00		2.62057e+01		7.34360e-02
4.37000e+00		2.62354e+01		7.13979e-02
4.39000e+00		2.64307e+01		7.32979e-02
4.41000e+00		2.66643e+01		7.51977e-02
4.43000e+00		2.70396e+01		7.07817e-02
4.45000e+00		2.72771e+01		7.47525e-02
4.47000e+00		2.77172e+01		7.43666e-02
4.49000e+00		2.79949e+01		7.80232e-02
4.51000e+00		2.84704e+01		7.63296e-02
4.53000e+00		2.88327e+01		7.40704e-02
4.55000e+00		2.93130e+01		7.83707e-02
4.57000e+00		2.96646e+01		7.61954e-02
4.59000e+00		2.98723e+01		7.65598e-02
4.61000e+00		3.01580e+01		7.70342e-02
4.63000e+00		3.03538e+01		7.84165e-02
4.65000e+00		3.02227e+01		7.58921e-02
4.67000e+00		3.03670e+01		7.99504e-02
4.69000e+00		3.01914e+01		7.81216e-02
4.71000e+00		3.01948e+01		7.31270e-02
4.73000e+00		2.99565e+01		7.56016e-02
4.75000e+00		2.97994e+01		7.55953e-02
4.77000e+00		2.96510e+01		8.12142e-02
4.79000e+00		2.96861e+01		7.68760e-02
4.81000e+00		2.93613e+01		7.96150e-02
4.83000e+00		2.90864e+01		7.53919e-02
4.85000e+00		2.95941e+01		7.96416e-02
4.87000e+00		2.94564e+01		7.32278e-02
4.89000e+00		2.97265e+01		7.76150e-02
4.91000e+00		2.99059e+01		7.32416e-02
4.93000e+00		3.02821e+01		7.83301e-02
4.95000e+00		3.04739e+01		7.82587e-02
4.97000e+00		3.08741e+01		7.82460e-02
4.99000e+00		3.13335e+01		7.90017e-02
5.01000e+00		3.14244e+01		7.84899e-02
