# r	g(r)	sigma(g)
1.00000e-02		3.25786e-02		2.55476e-03
3.00000e-02		9.85554e-02		4.44821e-03
5.00000e-02		1.74162e-01		5.86092e-03
7.00000e-02		2.47516e-01		7.18016e-03
9.00000e-02		3.08370e-01		8.11634e-03
1.10000e-01		3.99139e-01		9.42741e-03
1.30000e-01		4.52822e-01		9.78062e-03
1.50000e-01		5.32322e-01		1.05680e-02
1.70000e-01		6.19608e-01		1.11646e-02
1.90000e-01		7.08739e-01		1.22450e-02
2.10000e-01		8.33521e-01		1.30431e-02
2.30000e-01		9.19987e-01		1.35081e-02
2.50000e-01		1.04497e+00		1.44670e-02
2.70000e-01		1.19844e+00		1.52406e-02
2.90000e-01		1.33347e+00		1.63919e-02
3.10000e-01		1.51152e+00		1.70560e-02
3.30000e-01		1.71499e+00		1.94959e-02
3.50000e-01		1.95615e+00		1.98180e-02
3.70000e-01		2.20121e+00		2.02041e-02
3.90000e-01		2.48642e+00		2.16797e-02
4.10000e-01		2.74378e+00		2.33518e-02
4.30000e-01		3.13246e+00		2.51683e-02
4.50000e-01		3.50763e+00		2.75178e-02
4.70000e-01		3.85042e+00		2.75658e-02
4.90000e-01		4.29300e+00		2.90936e-02
5.10000e-01		4.62760e+00		3.05746e-02
5.30000e-01		4.91835e+00		3.11442e-02
5.50000e-01		5.09907e+00		3.08500e-02
5.70000e-01		5.27056e+00		3.21281e-02
5.90000e-01		5.44165e+00		3.49264e-02
6.10000e-01		5.31134e+00		3.19209e-02
6.30000e-01		5.25130e+00		3.09920e-02
6.50000e-01		5.01711e+00		3.12490e-02
6.70000e-01		4.76283e+00		3.07175e-02
6.90000e-01		4.53806e+00		2.94505e-02
7.10000e-01		4.30161e+00		2.84725e-02
7.30000e-01		4.10429e+00		2.92128e-02
7.50000e-01		3.94611e+00		2.79347e-02
7.70000e-01		3.86702e+00		2.78577e-02
7.90000e-01		3.77379e+00		2.68163e-02
8.10000e-01		3.82584e+00		2.78545e-02
8.30000e-01		3.92562e+00		2.83632e-02
8.50000e-01		4.08073e+00		2.90176e-02
8.70000e-01		4.28009e+00		2.96762e-02
8.90000e-01		4.56613e+00		2.94720e-02
9.10000e-01		4.95748e+00		3.16683e-02
9.30000e-01		5.32302e+00		3.19096e-02
9.50000e-01		5.69450e+00		3.38810e-02
9.70000e-01		6.24321e+00		3.52000e-02
9.90000e-01		6.71611e+00		3.55413e-02
1.01000e+00		7.04210e+00		3.67613e-02
1.03000e+00		7.54021e+00		3.83780e-02
1.05000e+00		7.96660e+00		3.94174e-02
1.07000e+00		8.16822e+00		4.00677e-02
1.09000e+00		8.30775e+00		4.03319e-02
1.11000e+00		8.51142e+00		4.08287e-02
1.13000e+00		8.49954e+00		3.94916e-02
1.15000e+00		8.45241e+00		4.08045e-02
1.17000e+00		8.28972e+00		4.15574e-02
1.19000e+00		8.05470e+00		4.08535e-02
1.21000e+00		7.91804e+00		3.97652e-02
1.23000e+00		7.63897e+00		3.96340e-02
1.25000e+00		7.40764e+00		3.76906e-02
1.27000e+00		7.22958e+00		3.67891e-02
1.29000e+00		7.11546e+00		3.91267e-02
1.31000e+00		7.07653e+00		3.67309e-02
1.33000e+00		7.06505e+00		3.74408e-02
1.35000e+00		7.15705e+00		3.89610e-02
1.37000e+00		7.29577e+00		3.79197e-02
1.39000e+00		7.58016e+00		4.02279e-02
1.41000e+00		7.87132e+00		3.92601e-02
1.43000e+00		8.21002e+00		4.08423e-02
1.45000e+00		8.61551e+00		4.17923e-02
1.47000e+00		9.18328e+00		4.15339e-02
1.49000e+00		9.48755e+00		4.36168e-02
1.51000e+00		1.00576e+01		4.56423e-02
1.53000e+00		1.04344e+01		4.45310e-02
1.55000e+00		1.08624e+01		4.69670e-02
1.57000e+00		1.11112e+01		4.74142e-02
1.59000e+00		1.14830e+01		4.59023e-02
1.61000e+00		1.15875e+01		4.91436e-02
1.63000e+00		1.15810e+01		4.89016e-02
1.65000e+00		1.16058e+01		4.54643e-02
1.67000e+00		1.14988e+01		4.52609e-02
1.69000e+00		1.13562e+01		4.84544e-02
1.71000e+00		1.12124e+01		4.57179e-02
1.73000e+00		1.08518e+01		4.54850e-02
1.75000e+00		1.06628e+01		4.71384e-02
1.77000e+00		1.04588e+01		4.59664e-02
1.79000e+00		1.04801e+01		4.55142e-02
1.81000e+00		1.03684e+01		4.42132e-02
1.83000e+00		1.02436e+01		4.58344e-02
1.85000e+00		1.02875e+01		4.51507e-02
1.87000e+00		1.04711e+01		4.67269e-02
1.89000e+00		1.07499e+01		4.66360e-02
1.91000e+00		1.10196e+01		4.73223e-02
1.93000e+00		1.13265e+01		4.72663e-02
1.95000e+00		1.17148e+01		4.84385e-02
1.97000e+00		1.21905e+01		4.74816e-02
1.99000e+00		1.25571e+01		4.96865e-02
2.01000e+00		1.30759e+01		5.17834e-02
2.03000e+00		1.34412e+01		5.05069e-02
2.05000e+00		1.38248e+01		4.96733e-02
2.07000e+00		1.40697e+01		5.17633e-02
2.09000e+00		1.44200e+01		5.65662e-02
2.11000e+00		1.45653e+01		5.40532e-02
2.13000e+00		1.46880e+01		5.41453e-02
2.15000e+00		1.47647e+01		5.59905e-02
2.17000e+00		1.45786e+01		5.55751e-02
2.19000e+00		1.44598e+01		5.28146e-02
2.21000e+00		1.44153e+01		5.30465e-02
2.23000e+00		1.40629e+01		5.04587e-02
2.25000e+00		1.39578e+01		5.03684e-02
2.27000e+00		1.37937e+01		5.45357e-02
2.29000e+00		1.36828e+01		5.38569e-02
2.31000e+00		1.36931e+01		5.15565e-02
2.33000e+00		1.36447e+01		5.33170e-02
2.35000e+00		1.35978e+01		5.24307e-02
2.37000e+00		1.36761e+01		5.22753e-02
2.39000e+00		1.38375e+01		5.05941e-02
2.41000e+00		1.41756e+01		5.32836e-02
2.43000e+00		1.44833e+01		5.26460e-02
2.45000e+00		1.48628e+01		5.55363e-02
2.47000e+00		1.52374e+01		5.42658e-02
2.49000e+00		1.56377e+01		5.59071e-02
2.51000e+00		1.60578e+01		5.63814e-02
2.53000e+00		1.66305e+01		5.43231e-02
2.55000e+00		1.69448e+01		5.59171e-02
2.57000e+00		1.72634e+01		6.11105e-02
2.59000e+00		1.75709e+01		6.06886e-02
2.61000e+00		1.77584e+01		6.12842e-02
2.63000e+00		1.77990e+01		5.95746e-02
2.65000e+00		1.78170e+01		5.91889e-02
2.67000e+00		1.78631e+01		5.94792e-02
2.69000e+00		1.75484e+01		5.88840e-02
2.71000e+00		1.75255e+01		5.76511e-02
2.73000e+00		1.74322e+01		5.99596e-02
2.75000e+00		1.71134e+01		5.72105e-02
2.77000e+00		1.69409e+01		5.96899e-02
2.79000e+00		1.68073e+01		5.90386e-02
2.81000e+00		1.66430e+01		5.91836e-02
2.83000e+00		1.66940e+01		5.77392e-02
2.85000e+00		1.67643e+01		5.84768e-02
2.87000e+00		1.68263e+01		5.69291e-02
2.89000e+00		1.71298e+01		5.89771e-02
2.91000e+00		1.72337e+01		5.69043e-02
2.93000e+00		1.75857e+01		5.95063e-02
2.95000e+00		1.78623e+01		5.99455e-02
2.97000e+00		1.84290e+01		6.10081e-02
2.99000e+00		1.87096e+01		5.97870e-02
3.01000e+00		1.91716e+01		6.01907e-02
3.03000e+00		1.96312e+01		6.25493e-02
3.05000e+00		2.00664e+01		6.27708e-02
3.07000e+00		2.02145e+01		6.54293e-02
3.09000e+00		2.07108e+01		6.39807e-02
3.11000e+00		2.09052e+01		6.32659e-02
3.13000e+00		2.08499e+01		6.54467e-02
3.15000e+00		2.09128e+01		6.52287e-02
3.17000e+00		2.09087e+01		6.47952e-02
3.19000e+00		2.08059e+01		6.48960e-02
3.21000e+00		2.06268e+01		6.36782e-02
3.23000e+00		2.05784e+01		6.07452e-02
3.25000e+00		2.03571e+01		6.56710e-02
3.27000e+00		2.01533e+01		6.20914e-02
3.29000e+00		2.00176e+01		6.05270e-02
3.31000e+00		1.99145e+01		6.19205e-02
3.33000e+00		1.97889e+01		6.13708e-02
3.35000e+00		1.98932e+01		6.37326e-02
3.37000e+00		1.99742e+01		6.24793e-02
3.39000e+00		2.00776e+01		6.46516e-02
3.41000e+00		2.03518e+01		6.42681e-02
3.43000e+00		2.07104e+01		6.67736e-02
3.45000e+00		2.10400e+01		6.45006e-02
3.47000e+00		2.15056e+01		6.77685e-02
3.49000e+00		2.19633e+01		6.61907e-02
3.51000e+00		2.22547e+01		6.37975e-02
3.53000e+00		2.27177e+01		6.89733e-02
3.55000e+00		2.32048e+01		6.50555e-02
3.57000e+00		2.35648e+01		7.16476e-02
3.59000e+00		2.37369e+01		6.79337e-02
3.61000e+00		2.39098e+01		6.73271e-02
3.63000e+00		2.39586e+01		6.92806e-02
3.65000e+00		2.42428e+01		6.86290e-02
3.67000e+00		2.40240e+01		6.89937e-02
3.69000e+00		2.40807e+01		7.04579e-02
3.71000e+00		2.37392e+01		6.94955e-02
3.73000e+00		2.35306e+01		6.99431e-02
3.75000e+00		2.35115e+01		6.81717e-02
3.77000e+00		2.31890e+01		6.74576e-02
3.79000e+00		2.30202e+01		6.76207e-02
3.81000e+00		2.30855e+01		6.97686e-02
3.83000e+00		2.29163e+01		6.85858e-02
3.85000e+00		2.31784e+01		6.56223e-02
3.87000e+00		2.30396e+01		6.64508e-02
3.89000e+00		2.32820e+01		6.80715e-02
3.91000e+00		2.35425e+01		6.95792e-02
3.93000e+00		2.37764e+01		7.04405e-02
3.95000e+00		2.41666e+01		6.91911e-02
3.97000e+00		2.44995e+01		7.01272e-02
3.99000e+00		2.50181e+01		6.87350e-02
4.01000e+00		2.53580e+01		7.20841e-02
4.03000e+00		2.58123e+01		7.11985e-02
4.05000e+00		2.61871e+01		7.23488e-02
4.07000e+00		2.65807e+01		7.23166e-02
4.09000e+00		2.69220e+01		7.21172e-02
4.11000e+00		2.71816e+01		7.51472e-02
4.13000e+00		2.71687e+01		7.33345e-02
4.15000e+00		2.72808e+01		7.39537e-02
4.17000e+00		2.72931e+01		7.75700e-02
4.19000e+00		2.70753e+01		7.51100e-02
4.21000e+00		2.69032e+01		7.21544e-02
4.23000e+00		2.68362e+01		6.89875e-02
4.25000e+00		2.65995e+01		7.43593e-02
4.27000e+00		2.62754e+01		7.19747e-02
4.29000e+00		2.63079e+01		7.13591e-02
4.31000e+00		2.62963e+01		7.14551e-02
4.33000e+00		2.60447e+01		6.93256e-02
4.35000e+00		2.61432e+01		7.11037e-02
4.37000e+00		2.61481e+01		7.38121e-02
4.39000e+00		2.63522e+01		7.39574e-02
4.41000e+00		2.65233e+01		7.21037e-02
4.43000e+00		2.69056e+01		7.60331e-02
4.45000e+00		2.71702e+01		7.56702e-02
4.47000e+00		2.76226e+01		7.40016e-02
4.49000e+00		2.81545e+01		7.44469e-02
4.51000e+00		2.84542e+01		7.68653e-02
4.53000e+00		2.88358e+01		7.47589e-02
4.55000e+00		2.94490e+01		7.79252e-02
4.57000e+00		2.96715e+01		7.57962e-02
4.59000e+00		3.00379e+01		7.31834e-02
4.61000e+00		3.02399e+01		7.74300e-02
4.63000e+00		3.04639e+01		7.64616e-02
4.65000e+00		3.03268e+01		7.55304e-02
4.67000e+00		3.04678e+01		7.75005e-02
4.69000e+00		3.02403e+01		7.75853e-02
4.71000e+00		3.00977e+01		7.97326e-02
4.73000e+00		2.99668e+01		7.59460e-02
4.75000e+00		2.97939e+01		7.69912e-02
4.77000e+00		2.96123e+01		7.68357e-02
4.79000e+00		2.95173e+01		7.76587e-02
4.81000e+00		2.94140e+01		7.64150e-02
4.83000e+00		2.92652e+01		7.71697e-02
4.85000e+00		2.91814e+01		7.33005e-02
4.87000e+00		2.92226e+01		7.51135e-02
4.89000e+00		2.95349e+01		7.42930e-02
4.91000e+00		2.98646e+01		7.99968e-02
4.93000e+00		3.01981e+01		7.66297e-02
4.95000e+00		3.04456e+01		7.78268e-02
4.97000e+00		3.09040e+01		8.06449e-02
4.99000e+00		3.12583e+01		8.21457e-02
5.01000e+00		3.11678e+01		8.08387e-02
