# r	g(r)	sigma(g)
1.00000e-02		2.95052e-02		2.43349e-03
3.00000e-02		9.44575e-02		4.32877e-03
5.00000e-02		1.57771e-01		5.82827e-03
7.00000e-02		2.32968e-01		7.08355e-03
9.00000e-02		2.99354e-01		7.44686e-03
1.10000e-01		3.50169e-01		8.48485e-03
1.30000e-01		4.50568e-01		9.35496e-03
1.50000e-01		5.06095e-01		1.00743e-02
1.70000e-01		6.08749e-01		1.09978e-02
1.90000e-01		6.84151e-01		1.12702e-02
2.10000e-01		8.00737e-01		1.21137e-02
2.30000e-01		9.28183e-01		1.37079e-02
2.50000e-01		1.04108e+00		1.42306e-02
2.70000e-01		1.18697e+00		1.50389e-02
2.90000e-01		1.34822e+00		1.58716e-02
3.10000e-01		1.50784e+00		1.66296e-02
3.30000e-01		1.74470e+00		1.87650e-02
3.50000e-01		1.95246e+00		1.98295e-02
3.70000e-01		2.19895e+00		2.15588e-02
3.90000e-01		2.48253e+00		2.27756e-02
4.10000e-01		2.78312e+00		2.36915e-02
4.30000e-01		3.17078e+00		2.48259e-02
4.50000e-01		3.50087e+00		2.69467e-02
4.70000e-01		3.84366e+00		2.70529e-02
4.90000e-01		4.24096e+00		2.74619e-02
5.10000e-01		4.60916e+00		2.92254e-02
5.30000e-01		4.90810e+00		3.11767e-02
5.50000e-01		5.14230e+00		3.31081e-02
5.70000e-01		5.30745e+00		3.35494e-02
5.90000e-01		5.33654e+00		3.29362e-02
6.10000e-01		5.31462e+00		3.21710e-02
6.30000e-01		5.23655e+00		3.25594e-02
6.50000e-01		5.05071e+00		3.17107e-02
6.70000e-01		4.85729e+00		3.12500e-02
6.90000e-01		4.60301e+00		2.98595e-02
7.10000e-01		4.23727e+00		2.87322e-02
7.30000e-01		4.16781e+00		2.79528e-02
7.50000e-01		3.96107e+00		2.80513e-02
7.70000e-01		3.88423e+00		2.74586e-02
7.90000e-01		3.78936e+00		2.71155e-02
8.10000e-01		3.89017e+00		2.82124e-02
8.30000e-01		3.94775e+00		2.72058e-02
8.50000e-01		4.13585e+00		2.80845e-02
8.70000e-01		4.29525e+00		2.92039e-02
8.90000e-01		4.60117e+00		2.99699e-02
9.10000e-01		4.89314e+00		3.09782e-02
9.30000e-01		5.27937e+00		3.19832e-02
9.50000e-01		5.74593e+00		3.33067e-02
9.70000e-01		6.11372e+00		3.58381e-02
9.90000e-01		6.68435e+00		3.69046e-02
1.01000e+00		7.06649e+00		3.77386e-02
1.03000e+00		7.48304e+00		3.76838e-02
1.05000e+00		7.91865e+00		3.91120e-02
1.07000e+00		8.10285e+00		3.94888e-02
1.09000e+00		8.26657e+00		3.99745e-02
1.11000e+00		8.38213e+00		3.99934e-02
1.13000e+00		8.40303e+00		3.86837e-02
1.15000e+00		8.30427e+00		4.14324e-02
1.17000e+00		8.19711e+00		4.04065e-02
1.19000e+00		8.04446e+00		4.11720e-02
1.21000e+00		7.82358e+00		3.78748e-02
1.23000e+00		7.62196e+00		3.80369e-02
1.25000e+00		7.43018e+00		3.99622e-02
1.27000e+00		7.25540e+00		3.96700e-02
1.29000e+00		7.20459e+00		3.90527e-02
1.31000e+00		7.00563e+00		3.68417e-02
1.33000e+00		7.08534e+00		3.69968e-02
1.35000e+00		7.15603e+00		3.76445e-02
1.37000e+00		7.33244e+00		3.85198e-02
1.39000e+00		7.63528e+00		3.92676e-02
1.41000e+00		7.85944e+00		3.91958e-02
1.43000e+00		8.21514e+00		3.93357e-02
1.45000e+00		8.67841e+00		4.12888e-02
1.47000e+00		9.09230e+00		4.19063e-02
1.49000e+00		9.58692e+00		4.31216e-02
1.51000e+00		9.98381e+00		4.44040e-02
1.53000e+00		1.04387e+01		4.64298e-02
1.55000e+00		1.08446e+01		4.55812e-02
1.57000e+00		1.11435e+01		4.60238e-02
1.59000e+00		1.13693e+01		4.92127e-02
1.61000e+00		1.14630e+01		4.87979e-02
1.63000e+00		1.14791e+01		4.76955e-02
1.65000e+00		1.15398e+01		4.80848e-02
1.67000e+00		1.13488e+01		4.86419e-02
1.69000e+00		1.12841e+01		4.74863e-02
1.71000e+00		1.11390e+01		4.64427e-02
1.73000e+00		1.09134e+01		4.49298e-02
1.75000e+00		1.06399e+01		4.51840e-02
1.77000e+00		1.04698e+01		4.55492e-02
1.79000e+00		1.03082e+01		4.59033e-02
1.81000e+00		1.03211e+01		4.55599e-02
1.83000e+00		1.02748e+01		4.75716e-02
1.85000e+00		1.03168e+01		4.54259e-02
1.87000e+00		1.05379e+01		4.51952e-02
1.89000e+00		1.07725e+01		4.60293e-02
1.91000e+00		1.09812e+01		4.54104e-02
1.93000e+00		1.13195e+01		4.75205e-02
1.95000e+00		1.17510e+01		4.78030e-02
1.97000e+00		1.20805e+01		5.20626e-02
1.99000e+00		1.26059e+01		4.79679e-02
2.01000e+00		1.29554e+01		5.14425e-02
2.03000e+00		1.34591e+01		5.20774e-02
2.05000e+00		1.38348e+01		5.11119e-02
2.07000e+00		1.41795e+01		5.37664e-02
2.09000e+00		1.44182e+01		5.38321e-02
2.11000e+00		1.46202e+01		5.35900e-02
2.13000e+00		1.46358e+01		5.23909e-02
2.15000e+00		1.46548e+01		5.34005e-02
2.17000e+00		1.45821e+01		5.45085e-02
2.19000e+00		1.44315e+01		5.24289e-02
2.21000e+00		1.43434e+01		5.24823e-02
2.23000e+00		1.41211e+01		5.39477e-02
2.25000e+00		1.39090e+01		5.27429e-02
2.27000e+00		1.37322e+01		5.24925e-02
2.29000e+00		1.35105e+01		5.39415e-02
2.31000e+00		1.35373e+01		5.31668e-02
2.33000e+00		1.34296e+01		5.24326e-02
2.35000e+00		1.36045e+01		5.10841e-02
2.37000e+00		1.36193e+01		5.27909e-02
2.39000e+00		1.38422e+01		5.37753e-02
2.41000e+00		1.41992e+01		5.40815e-02
2.43000e+00		1.44702e+01		5.40208e-02
2.45000e+00		1.47544e+01		5.50400e-02
2.47000e+00		1.52062e+01		5.74036e-02
2.49000e+00		1.56193e+01		5.54291e-02
2.51000e+00		1.61469e+01		5.77240e-02
2.53000e+00		1.66382e+01		5.74905e-02
2.55000e+00		1.69636e+01		5.91423e-02
2.57000e+00		1.73662e+01		5.84582e-02
2.59000e+00		1.76033e+01		6.09035e-02
2.61000e+00		1.77469e+01		5.91749e-02
2.63000e+00		1.78437e+01		6.20073e-02
2.65000e+00		1.77527e+01		5.93612e-02
2.67000e+00		1.78463e+01		6.14119e-02
2.69000e+00		1.76564e+01		5.96768e-02
2.71000e+00		1.74259e+01		5.77418e-02
2.73000e+00		1.72335e+01		5.78050e-02
2.75000e+00		1.69669e+01		5.49197e-02
2.77000e+00		1.67641e+01		5.81312e-02
2.79000e+00		1.67171e+01		5.69768e-02
2.81000e+00		1.67489e+01		5.81954e-02
2.83000e+00		1.65729e+01		5.85746e-02
2.85000e+00		1.67157e+01		5.89522e-02
2.87000e+00		1.68188e+01		5.89707e-02
2.89000e+00		1.69362e+01		5.72288e-02
2.91000e+00		1.72515e+01		5.94384e-02
2.93000e+00		1.76783e+01		5.83415e-02
2.95000e+00		1.79496e+01		5.98213e-02
2.97000e+00		1.82157e+01		6.12270e-02
2.99000e+00		1.88315e+01		6.22557e-02
3.01000e+00		1.90835e+01		6.03570e-02
3.03000e+00		1.97310e+01		6.02177e-02
3.05000e+00		2.00225e+01		6.38000e-02
3.07000e+00		2.05145e+01		6.49984e-02
3.09000e+00		2.06053e+01		6.45660e-02
3.11000e+00		2.08923e+01		6.46342e-02
3.13000e+00		2.10400e+01		6.49042e-02
3.15000e+00		2.09952e+01		6.58480e-02
3.17000e+00		2.09243e+01		6.43494e-02
3.19000e+00		2.08940e+01		6.19511e-02
3.21000e+00		2.07309e+01		6.49655e-02
3.23000e+00		2.04545e+01		6.32841e-02
3.25000e+00		2.02094e+01		6.19979e-02
3.27000e+00		2.00381e+01		6.57345e-02
3.29000e+00		1.98451e+01		6.17159e-02
3.31000e+00		1.97867e+01		6.35648e-02
3.33000e+00		1.97988e+01		6.19042e-02
3.35000e+00		1.98426e+01		6.45708e-02
3.37000e+00		1.98379e+01		6.18172e-02
3.39000e+00		2.01592e+01		6.41486e-02
3.41000e+00		2.04018e+01		6.45005e-02
3.43000e+00		2.07356e+01		6.20480e-02
3.45000e+00		2.09722e+01		6.40024e-02
3.47000e+00		2.14638e+01		6.45191e-02
3.49000e+00		2.19494e+01		6.52499e-02
3.51000e+00		2.23264e+01		6.68987e-02
3.53000e+00		2.26907e+01		6.54070e-02
3.55000e+00		2.31712e+01		6.79606e-02
3.57000e+00		2.35386e+01		6.83135e-02
3.59000e+00		2.38441e+01		7.11719e-02
3.61000e+00		2.39393e+01		6.91210e-02
3.63000e+00		2.41604e+01		7.16846e-02
3.65000e+00		2.40373e+01		6.81083e-02
3.67000e+00		2.40252e+01		6.74823e-02
3.69000e+00		2.39135e+01		6.71730e-02
3.71000e+00		2.38389e+01		6.83616e-02
3.73000e+00		2.36234e+01		6.89836e-02
3.75000e+00		2.32755e+01		6.79068e-02
3.77000e+00		2.31915e+01		6.84812e-02
3.79000e+00		2.30468e+01		6.68323e-02
3.81000e+00		2.29161e+01		6.66697e-02
3.83000e+00		2.31193e+01		6.72516e-02
3.85000e+00		2.29206e+01		6.60633e-02
3.87000e+00		2.30732e+01		6.61025e-02
3.89000e+00		2.32831e+01		6.91968e-02
3.91000e+00		2.34634e+01		7.16082e-02
3.93000e+00		2.38750e+01		6.79017e-02
3.95000e+00		2.40920e+01		6.74164e-02
3.97000e+00		2.45997e+01		6.79727e-02
3.99000e+00		2.50255e+01		7.01619e-02
4.01000e+00		2.54548e+01		7.26270e-02
4.03000e+00		2.59897e+01		7.24037e-02
4.05000e+00		2.62801e+01		7.07243e-02
4.07000e+00		2.66346e+01		7.26628e-02
4.09000e+00		2.70734e+01		7.57848e-02
4.11000e+00		2.71917e+01		7.08489e-02
4.13000e+00		2.72744e+01		7.46224e-02
4.15000e+00		2.70679e+01		7.15111e-02
4.17000e+00		2.71650e+01		7.15646e-02
4.19000e+00		2.70648e+01		6.93998e-02
4.21000e+00		2.69202e+01		7.52297e-02
4.23000e+00		2.68317e+01		7.13628e-02
4.25000e+00		2.66843e+01		7.37854e-02
4.27000e+00		2.64540e+01		7.06915e-02
4.29000e+00		2.61760e+01		7.19653e-02
4.31000e+00		2.61010e+01		7.28742e-02
4.33000e+00		2.61067e+01		7.06700e-02
4.35000e+00		2.62604e+01		7.42139e-02
4.37000e+00		2.62479e+01		6.87981e-02
4.39000e+00		2.63844e+01		7.06684e-02
4.41000e+00		2.64680e+01		7.55998e-02
4.43000e+00		2.69921e+01		7.66705e-02
4.45000e+00		2.73908e+01		7.32500e-02
4.47000e+00		2.76605e+01		7.31084e-02
4.49000e+00		2.80940e+01		7.45187e-02
4.51000e+00		2.87585e+01		7.87123e-02
4.53000e+00		2.90073e+01		7.67956e-02
4.55000e+00		2.94836e+01		7.86529e-02
4.57000e+00		2.97578e+01		7.70129e-02
4.59000e+00		3.01350e+01		7.35788e-02
4.61000e+00		3.00748e+01		7.70510e-02
4.63000e+00		3.03862e+01		8.22833e-02
4.65000e+00		3.04247e+01		7.54599e-02
4.67000e+00		3.01907e+01		7.62885e-02
4.69000e+00		3.03534e+01		7.83326e-02
4.71000e+00		3.00899e+01		7.95305e-02
4.73000e+00		2.99154e+01		7.64112e-02
4.75000e+00		2.96599e+01		7.58889e-02
4.77000e+00		2.95986e+01		7.70453e-02
4.79000e+00		2.92910e+01		7.60119e-02
4.81000e+00		2.92859e+01		7.79438e-02
4.83000e+00		2.92525e+01		7.52989e-02
4.85000e+00		2.92542e+01		7.44953e-02
4.87000e+00		2.93035e+01		7.77162e-02
4.89000e+00		2.95308e+01		7.61338e-02
4.91000e+00		2.98930e+01		7.95517e-02
4.93000e+00		3.01604e+01		7.56499e-02
4.95000e+00		3.04868e+01		7.82394e-02
4.97000e+00		3.07495e+01		7.72344e-02
4.99000e+00		3.13277e+01		8.12074e-02
5.01000e+00		3.11952e+01		7.89098e-02
