# r	g(r)	sigma(g)
1.00000e-02		3.66766e-02		2.79919e-03
3.00000e-02		9.69163e-02		4.39938e-03
5.00000e-02		1.49575e-01		5.53494e-03
7.00000e-02		2.26411e-01		6.34731e-03
9.00000e-02		2.84397e-01		7.74824e-03
1.10000e-01		3.66561e-01		8.89392e-03
1.30000e-01		4.42782e-01		9.37145e-03
1.50000e-01		5.14086e-01		1.03068e-02
1.70000e-01		6.03831e-01		1.05646e-02
1.90000e-01		7.05050e-01		1.16466e-02
2.10000e-01		7.97459e-01		1.28602e-02
2.30000e-01		9.17938e-01		1.27150e-02
2.50000e-01		1.04825e+00		1.42373e-02
2.70000e-01		1.16340e+00		1.49738e-02
2.90000e-01		1.37281e+00		1.65530e-02
3.10000e-01		1.53386e+00		1.79091e-02
3.30000e-01		1.74593e+00		1.86537e-02
3.50000e-01		1.93074e+00		1.93073e-02
3.70000e-01		2.22088e+00		2.09741e-02
3.90000e-01		2.49544e+00		2.29015e-02
4.10000e-01		2.80504e+00		2.28502e-02
4.30000e-01		3.15890e+00		2.47512e-02
4.50000e-01		3.49431e+00		2.53786e-02
4.70000e-01		3.82870e+00		2.81496e-02
4.90000e-01		4.25038e+00		2.84533e-02
5.10000e-01		4.61244e+00		2.94205e-02
5.30000e-01		4.85749e+00		3.00690e-02
5.50000e-01		5.16279e+00		3.17181e-02
5.70000e-01		5.25212e+00		3.23734e-02
5.90000e-01		5.43264e+00		3.28838e-02
6.10000e-01		5.30745e+00		3.18983e-02
6.30000e-01		5.21340e+00		3.23552e-02
6.50000e-01		5.02120e+00		3.11914e-02
6.70000e-01		4.79459e+00		2.94860e-02
6.90000e-01		4.63170e+00		3.10035e-02
7.10000e-01		4.36943e+00		2.98502e-02
7.30000e-01		4.08831e+00		2.85957e-02
7.50000e-01		4.01127e+00		2.87621e-02
7.70000e-01		3.87030e+00		2.73433e-02
7.90000e-01		3.83956e+00		2.82296e-02
8.10000e-01		3.86538e+00		2.78946e-02
8.30000e-01		3.92746e+00		2.86435e-02
8.50000e-01		4.12847e+00		2.92149e-02
8.70000e-01		4.35386e+00		2.97702e-02
8.90000e-01		4.59420e+00		3.03950e-02
9.10000e-01		4.96281e+00		3.24400e-02
9.30000e-01		5.38510e+00		3.34009e-02
9.50000e-01		5.76191e+00		3.41463e-02
9.70000e-01		6.18133e+00		3.47823e-02
9.90000e-01		6.61797e+00		3.73205e-02
1.01000e+00		7.00789e+00		3.77985e-02
1.03000e+00		7.49882e+00		3.81576e-02
1.05000e+00		7.89181e+00		3.92981e-02
1.07000e+00		8.09958e+00		3.96639e-02
1.09000e+00		8.29361e+00		4.06017e-02
1.11000e+00		8.40528e+00		4.08642e-02
1.13000e+00		8.46265e+00		4.09763e-02
1.15000e+00		8.38766e+00		4.00064e-02
1.17000e+00		8.25448e+00		4.07269e-02
1.19000e+00		8.02704e+00		4.02154e-02
1.21000e+00		7.80534e+00		4.07467e-02
1.23000e+00		7.63651e+00		4.01097e-02
1.25000e+00		7.31421e+00		3.88028e-02
1.27000e+00		7.18717e+00		3.78149e-02
1.29000e+00		7.11955e+00		3.72741e-02
1.31000e+00		7.04333e+00		3.73714e-02
1.33000e+00		7.04497e+00		3.74311e-02
1.35000e+00		7.22364e+00		3.98414e-02
1.37000e+00		7.39166e+00		3.90456e-02
1.39000e+00		7.56992e+00		3.85450e-02
1.41000e+00		7.90841e+00		4.02083e-02
1.43000e+00		8.24300e+00		4.14110e-02
1.45000e+00		8.65608e+00		4.15552e-02
1.47000e+00		9.08943e+00		4.17793e-02
1.49000e+00		9.54349e+00		4.35418e-02
1.51000e+00		1.00377e+01		4.52860e-02
1.53000e+00		1.04506e+01		4.46991e-02
1.55000e+00		1.08440e+01		4.68555e-02
1.57000e+00		1.11196e+01		4.68340e-02
1.59000e+00		1.13437e+01		4.96946e-02
1.61000e+00		1.14453e+01		4.63836e-02
1.63000e+00		1.15892e+01		4.73953e-02
1.65000e+00		1.16107e+01		4.77598e-02
1.67000e+00		1.13736e+01		4.67346e-02
1.69000e+00		1.12679e+01		4.71045e-02
1.71000e+00		1.10282e+01		4.69263e-02
1.73000e+00		1.08702e+01		4.52854e-02
1.75000e+00		1.07444e+01		4.75559e-02
1.77000e+00		1.05137e+01		4.67333e-02
1.79000e+00		1.04120e+01		4.59749e-02
1.81000e+00		1.02889e+01		4.47561e-02
1.83000e+00		1.02840e+01		4.49826e-02
1.85000e+00		1.03786e+01		4.63448e-02
1.87000e+00		1.04452e+01		4.69967e-02
1.89000e+00		1.07391e+01		4.69785e-02
1.91000e+00		1.10757e+01		4.76822e-02
1.93000e+00		1.13191e+01		4.87955e-02
1.95000e+00		1.17140e+01		4.85225e-02
1.97000e+00		1.21252e+01		4.91508e-02
1.99000e+00		1.25073e+01		4.93902e-02
2.01000e+00		1.30294e+01		5.03724e-02
2.03000e+00		1.34355e+01		5.21162e-02
2.05000e+00		1.39223e+01		5.45956e-02
2.07000e+00		1.42260e+01		5.43549e-02
2.09000e+00		1.43809e+01		5.39167e-02
2.11000e+00		1.46077e+01		5.30208e-02
2.13000e+00		1.47034e+01		5.38171e-02
2.15000e+00		1.46940e+01		5.38430e-02
2.17000e+00		1.45469e+01		5.39111e-02
2.19000e+00		1.43952e+01		5.45314e-02
2.21000e+00		1.42991e+01		5.17126e-02
2.23000e+00		1.40945e+01		5.38342e-02
2.25000e+00		1.38990e+01		5.05025e-02
2.27000e+00		1.36629e+01		5.25954e-02
2.29000e+00		1.34691e+01		5.07696e-02
2.31000e+00		1.34371e+01		5.10032e-02
2.33000e+00		1.34576e+01		5.08315e-02
2.35000e+00		1.35515e+01		5.40993e-02
2.37000e+00		1.36336e+01		5.13727e-02
2.39000e+00		1.38891e+01		5.20796e-02
2.41000e+00		1.40713e+01		5.28477e-02
2.43000e+00		1.45057e+01		5.41484e-02
2.45000e+00		1.47776e+01		5.30750e-02
2.47000e+00		1.52255e+01		5.21432e-02
2.49000e+00		1.56707e+01		5.67825e-02
2.51000e+00		1.61703e+01		5.63892e-02
2.53000e+00		1.65022e+01		5.77780e-02
2.55000e+00		1.69782e+01		5.73603e-02
2.57000e+00		1.72794e+01		5.94860e-02
2.59000e+00		1.76045e+01		5.52082e-02
2.61000e+00		1.76664e+01		5.84623e-02
2.63000e+00		1.78209e+01		5.92963e-02
2.65000e+00		1.78437e+01		6.01591e-02
2.67000e+00		1.77211e+01		6.01778e-02
2.69000e+00		1.76375e+01		5.82281e-02
2.71000e+00		1.74134e+01		6.03428e-02
2.73000e+00		1.72837e+01		5.96674e-02
2.75000e+00		1.70542e+01		5.67041e-02
2.77000e+00		1.70114e+01		6.01523e-02
2.79000e+00		1.67186e+01		5.82726e-02
2.81000e+00		1.67534e+01		5.80475e-02
2.83000e+00		1.65499e+01		5.98151e-02
2.85000e+00		1.66501e+01		5.83199e-02
2.87000e+00		1.68196e+01		5.79316e-02
2.89000e+00		1.70151e+01		5.72928e-02
2.91000e+00		1.72609e+01		5.64689e-02
2.93000e+00		1.75597e+01		5.90854e-02
2.95000e+00		1.80186e+01		5.86645e-02
2.97000e+00		1.83426e+01		6.07456e-02
2.99000e+00		1.87583e+01		5.74424e-02
3.01000e+00		1.93150e+01		6.04677e-02
3.03000e+00		1.96148e+01		6.29621e-02
3.05000e+00		1.98920e+01		6.27363e-02
3.07000e+00		2.02848e+01		6.29804e-02
3.09000e+00		2.06516e+01		6.32364e-02
3.11000e+00		2.06757e+01		6.61842e-02
3.13000e+00		2.09552e+01		6.25026e-02
3.15000e+00		2.10216e+01		6.55696e-02
3.17000e+00		2.09427e+01		6.45768e-02
3.19000e+00		2.08313e+01		6.37313e-02
3.21000e+00		2.07208e+01		6.45792e-02
3.23000e+00		2.03629e+01		6.68179e-02
3.25000e+00		2.02672e+01		6.51870e-02
3.27000e+00		2.00424e+01		6.34696e-02
3.29000e+00		1.99084e+01		6.29418e-02
3.31000e+00		1.98111e+01		6.41006e-02
3.33000e+00		1.97267e+01		6.23321e-02
3.35000e+00		1.97584e+01		6.29599e-02
3.37000e+00		1.99922e+01		6.48440e-02
3.39000e+00		2.01533e+01		6.55970e-02
3.41000e+00		2.03666e+01		6.35148e-02
3.43000e+00		2.07477e+01		6.27019e-02
3.45000e+00		2.10419e+01		6.51643e-02
3.47000e+00		2.15183e+01		6.69902e-02
3.49000e+00		2.18389e+01		6.65230e-02
3.51000e+00		2.24151e+01		6.72978e-02
3.53000e+00		2.28429e+01		6.50338e-02
3.55000e+00		2.31372e+01		6.54604e-02
3.57000e+00		2.36230e+01		6.77375e-02
3.59000e+00		2.38228e+01		6.84240e-02
3.61000e+00		2.39879e+01		7.03863e-02
3.63000e+00		2.41385e+01		6.97980e-02
3.65000e+00		2.41754e+01		6.91308e-02
3.67000e+00		2.39629e+01		6.72267e-02
3.69000e+00		2.37914e+01		6.81770e-02
3.71000e+00		2.38717e+01		6.98661e-02
3.73000e+00		2.34677e+01		6.93471e-02
3.75000e+00		2.34179e+01		6.70112e-02
3.77000e+00		2.31716e+01		6.66082e-02
3.79000e+00		2.31025e+01		6.79450e-02
3.81000e+00		2.30140e+01		6.74797e-02
3.83000e+00		2.30230e+01		6.74000e-02
3.85000e+00		2.28608e+01		6.49844e-02
3.87000e+00		2.31616e+01		6.73520e-02
3.89000e+00		2.32550e+01		6.66490e-02
3.91000e+00		2.34716e+01		6.62707e-02
3.93000e+00		2.38016e+01		7.17149e-02
3.95000e+00		2.42258e+01		6.64361e-02
3.97000e+00		2.46284e+01		7.03624e-02
3.99000e+00		2.49509e+01		7.10236e-02
4.01000e+00		2.55816e+01		7.24804e-02
4.03000e+00		2.59299e+01		7.02447e-02
4.05000e+00		2.62690e+01		7.09380e-02
4.07000e+00		2.66159e+01		7.37102e-02
4.09000e+00		2.68790e+01		7.68141e-02
4.11000e+00		2.70980e+01		7.06766e-02
4.13000e+00		2.72591e+01		7.42111e-02
4.15000e+00		2.72202e+01		7.28639e-02
4.17000e+00		2.72794e+01		7.00751e-02
4.19000e+00		2.72281e+01		7.31912e-02
4.21000e+00		2.70169e+01		7.22816e-02
4.23000e+00		2.67905e+01		7.33388e-02
4.25000e+00		2.66038e+01		7.13545e-02
4.27000e+00		2.63387e+01		6.87135e-02
4.29000e+00		2.62401e+01		6.86499e-02
4.31000e+00		2.61199e+01		7.38163e-02
4.33000e+00		2.62211e+01		7.25794e-02
4.35000e+00		2.61461e+01		6.94909e-02
4.37000e+00		2.60744e+01		7.34126e-02
4.39000e+00		2.62690e+01		7.18255e-02
4.41000e+00		2.66137e+01		7.32713e-02
4.43000e+00		2.68751e+01		7.24204e-02
4.45000e+00		2.73763e+01		7.57715e-02
4.47000e+00		2.78062e+01		7.41126e-02
4.49000e+00		2.81016e+01		7.30923e-02
4.51000e+00		2.85563e+01		7.81213e-02
4.53000e+00		2.90144e+01		7.71087e-02
4.55000e+00		2.94709e+01		7.72600e-02
4.57000e+00		2.99443e+01		8.00126e-02
4.59000e+00		3.00430e+01		7.71431e-02
4.61000e+00		3.01330e+01		7.75510e-02
4.63000e+00		3.03655e+01		7.81895e-02
4.65000e+00		3.03092e+01		7.56702e-02
4.67000e+00		3.03616e+01		7.67356e-02
4.69000e+00		3.03381e+01		7.84822e-02
4.71000e+00		3.01975e+01		7.78996e-02
4.73000e+00		2.99539e+01		7.69082e-02
4.75000e+00		2.97535e+01		7.44337e-02
4.77000e+00		2.96793e+01		7.93152e-02
4.79000e+00		2.95181e+01		7.28728e-02
4.81000e+00		2.91351e+01		7.16286e-02
4.83000e+00		2.92683e+01		7.26083e-02
4.85000e+00		2.93128e+01		7.54804e-02
4.87000e+00		2.93656e+01		7.41583e-02
4.89000e+00		2.94468e+01		7.64701e-02
4.91000e+00		2.97166e+01		7.52247e-02
4.93000e+00		3.01424e+01		7.62058e-02
4.95000e+00		3.05880e+01		7.91779e-02
4.97000e+00		3.08737e+01		7.85702e-02
4.99000e+00		3.13136e+01		7.47974e-02
5.01000e+00		3.13113e+01		8.39361e-02
