# r	g(r)	sigma(g)
1.00000e-02		3.42178e-02		2.54954e-03
3.00000e-02		1.11874e-01		4.60391e-03
5.00000e-02		1.70474e-01		6.06018e-03
7.00000e-02		2.53867e-01		7.39440e-03
9.00000e-02		3.09394e-01		7.95377e-03
1.10000e-01		3.88280e-01		8.95871e-03
1.30000e-01		4.70239e-01		9.97655e-03
1.50000e-01		5.42362e-01		1.04871e-02
1.70000e-01		6.35590e-01		1.15334e-02
1.90000e-01		6.92142e-01		1.15868e-02
2.10000e-01		7.92951e-01		1.24125e-02
2.30000e-01		9.14250e-01		1.25297e-02
2.50000e-01		1.04518e+00		1.42782e-02
2.70000e-01		1.19004e+00		1.53062e-02
2.90000e-01		1.30663e+00		1.62994e-02
3.10000e-01		1.49144e+00		1.78813e-02
3.30000e-01		1.72851e+00		1.89051e-02
3.50000e-01		1.96271e+00		1.97945e-02
3.70000e-01		2.17662e+00		2.03736e-02
3.90000e-01		2.48704e+00		2.18451e-02
4.10000e-01		2.79684e+00		2.34993e-02
4.30000e-01		3.07550e+00		2.39914e-02
4.50000e-01		3.47710e+00		2.68252e-02
4.70000e-01		3.83854e+00		2.78721e-02
4.90000e-01		4.26944e+00		2.85056e-02
5.10000e-01		4.58436e+00		3.02024e-02
5.30000e-01		4.97101e+00		3.01926e-02
5.50000e-01		5.14373e+00		3.25079e-02
5.70000e-01		5.27220e+00		3.15361e-02
5.90000e-01		5.37875e+00		3.28891e-02
6.10000e-01		5.37219e+00		3.27984e-02
6.30000e-01		5.21053e+00		3.23925e-02
6.50000e-01		5.02510e+00		3.13311e-02
6.70000e-01		4.74787e+00		3.04606e-02
6.90000e-01		4.52638e+00		3.02036e-02
7.10000e-01		4.28829e+00		2.92576e-02
7.30000e-01		4.06598e+00		2.90492e-02
7.50000e-01		3.90534e+00		2.75469e-02
7.70000e-01		3.77174e+00		2.72187e-02
7.90000e-01		3.71253e+00		2.63806e-02
8.10000e-01		3.78691e+00		2.80067e-02
8.30000e-01		3.85944e+00		2.73269e-02
8.50000e-01		4.03688e+00		2.93513e-02
8.70000e-01		4.25817e+00		2.94210e-02
8.90000e-01		4.56449e+00		2.96000e-02
9.10000e-01		4.87757e+00		3.21662e-02
9.30000e-01		5.23901e+00		3.21482e-02
9.50000e-01		5.70351e+00		3.35008e-02
9.70000e-01		6.16904e+00		3.45893e-02
9.90000e-01		6.63887e+00		3.59919e-02
1.01000e+00		7.16402e+00		3.72543e-02
1.03000e+00		7.55025e+00		3.88368e-02
1.05000e+00		7.95000e+00		3.98289e-02
1.07000e+00		8.18973e+00		4.05881e-02
1.09000e+00		8.37537e+00		3.97074e-02
1.11000e+00		8.55814e+00		3.81660e-02
1.13000e+00		8.45712e+00		4.04924e-02
1.15000e+00		8.42475e+00		4.06670e-02
1.17000e+00		8.21883e+00		4.11426e-02
1.19000e+00		8.05962e+00		4.02403e-02
1.21000e+00		7.75924e+00		3.97217e-02
1.23000e+00		7.58959e+00		3.75897e-02
1.25000e+00		7.37055e+00		3.75687e-02
1.27000e+00		7.21709e+00		3.88588e-02
1.29000e+00		7.06464e+00		3.63341e-02
1.31000e+00		7.01895e+00		3.63571e-02
1.33000e+00		7.03432e+00		3.64073e-02
1.35000e+00		7.09517e+00		3.76618e-02
1.37000e+00		7.20315e+00		3.73618e-02
1.39000e+00		7.51869e+00		3.78448e-02
1.41000e+00		7.86825e+00		3.98423e-02
1.43000e+00		8.20346e+00		4.10194e-02
1.45000e+00		8.62965e+00		4.10366e-02
1.47000e+00		9.10705e+00		4.23935e-02
1.49000e+00		9.47771e+00		4.38375e-02
1.51000e+00		9.99897e+00		4.46492e-02
1.53000e+00		1.04739e+01		4.54906e-02
1.55000e+00		1.09345e+01		4.53749e-02
1.57000e+00		1.12169e+01		4.52320e-02
1.59000e+00		1.15201e+01		4.70171e-02
1.61000e+00		1.15656e+01		4.84042e-02
1.63000e+00		1.16629e+01		4.83285e-02
1.65000e+00		1.16705e+01		4.75168e-02
1.67000e+00		1.15263e+01		4.79663e-02
1.69000e+00		1.13117e+01		4.76006e-02
1.71000e+00		1.11654e+01		4.50462e-02
1.73000e+00		1.09124e+01		4.73985e-02
1.75000e+00		1.06569e+01		4.58219e-02
1.77000e+00		1.05055e+01		4.62452e-02
1.79000e+00		1.04043e+01		4.55398e-02
1.81000e+00		1.03221e+01		4.56824e-02
1.83000e+00		1.02170e+01		4.59116e-02
1.85000e+00		1.02776e+01		4.64570e-02
1.87000e+00		1.03352e+01		4.60989e-02
1.89000e+00		1.06581e+01		4.54611e-02
1.91000e+00		1.09491e+01		4.77803e-02
1.93000e+00		1.12466e+01		4.73974e-02
1.95000e+00		1.16593e+01		4.54386e-02
1.97000e+00		1.20736e+01		5.08710e-02
1.99000e+00		1.27022e+01		4.91528e-02
2.01000e+00		1.30474e+01		5.12250e-02
2.03000e+00		1.34683e+01		5.15351e-02
2.05000e+00		1.38918e+01		5.06569e-02
2.07000e+00		1.40774e+01		5.30463e-02
2.09000e+00		1.44629e+01		5.58326e-02
2.11000e+00		1.45503e+01		5.51957e-02
2.13000e+00		1.46673e+01		5.29502e-02
2.15000e+00		1.46616e+01		5.27016e-02
2.17000e+00		1.46085e+01		5.32861e-02
2.19000e+00		1.44194e+01		5.36583e-02
2.21000e+00		1.43659e+01		5.33942e-02
2.23000e+00		1.42250e+01		5.27924e-02
2.25000e+00		1.39793e+01		5.25579e-02
2.27000e+00		1.35935e+01		5.50601e-02
2.29000e+00		1.36904e+01		4.99980e-02
2.31000e+00		1.36201e+01		5.09433e-02
2.33000e+00		1.35726e+01		5.35949e-02
2.35000e+00		1.35556e+01		5.29856e-02
2.37000e+00		1.37517e+01		5.14600e-02
2.39000e+00		1.39879e+01		5.19252e-02
2.41000e+00		1.41250e+01		5.33881e-02
2.43000e+00		1.44309e+01		5.43314e-02
2.45000e+00		1.47991e+01		5.32886e-02
2.47000e+00		1.52122e+01		5.28543e-02
2.49000e+00		1.56172e+01		5.61492e-02
2.51000e+00		1.59627e+01		5.57864e-02
2.53000e+00		1.65215e+01		5.72989e-02
2.55000e+00		1.68722e+01		5.69075e-02
2.57000e+00		1.71884e+01		5.68738e-02
2.59000e+00		1.74718e+01		5.95097e-02
2.61000e+00		1.76683e+01		6.08347e-02
2.63000e+00		1.77279e+01		5.91164e-02
2.65000e+00		1.78357e+01		5.83462e-02
2.67000e+00		1.77392e+01		5.87469e-02
2.69000e+00		1.76990e+01		5.83287e-02
2.71000e+00		1.74240e+01		5.85215e-02
2.73000e+00		1.73066e+01		5.93101e-02
2.75000e+00		1.71050e+01		5.83942e-02
2.77000e+00		1.69784e+01		6.02682e-02
2.79000e+00		1.67954e+01		5.57085e-02
2.81000e+00		1.66628e+01		5.81331e-02
2.83000e+00		1.67319e+01		5.63460e-02
2.85000e+00		1.67509e+01		5.74616e-02
2.87000e+00		1.67593e+01		6.00426e-02
2.89000e+00		1.69771e+01		6.07630e-02
2.91000e+00		1.72519e+01		6.08284e-02
2.93000e+00		1.76699e+01		5.89641e-02
2.95000e+00		1.80496e+01		5.91129e-02
2.97000e+00		1.83063e+01		6.09050e-02
2.99000e+00		1.88196e+01		6.09201e-02
3.01000e+00		1.91650e+01		5.88326e-02
3.03000e+00		1.95677e+01		6.39332e-02
3.05000e+00		2.00377e+01		6.39715e-02
3.07000e+00		2.01592e+01		6.18257e-02
3.09000e+00		2.05301e+01		6.29009e-02
3.11000e+00		2.07817e+01		6.39216e-02
3.13000e+00		2.08899e+01		6.52373e-02
3.15000e+00		2.08464e+01		6.54818e-02
3.17000e+00		2.08856e+01		6.35381e-02
3.19000e+00		2.07716e+01		6.49351e-02
3.21000e+00		2.05784e+01		6.27228e-02
3.23000e+00		2.06122e+01		6.29479e-02
3.25000e+00		2.01871e+01		6.47699e-02
3.27000e+00		2.02174e+01		6.05212e-02
3.29000e+00		1.99848e+01		6.20100e-02
3.31000e+00		1.99096e+01		6.33143e-02
3.33000e+00		1.97945e+01		6.42576e-02
3.35000e+00		1.98353e+01		6.21111e-02
3.37000e+00		2.00668e+01		6.38024e-02
3.39000e+00		2.01242e+01		6.48838e-02
3.41000e+00		2.05038e+01		6.79037e-02
3.43000e+00		2.07843e+01		6.32120e-02
3.45000e+00		2.10726e+01		6.46721e-02
3.47000e+00		2.14283e+01		6.60407e-02
3.49000e+00		2.18832e+01		6.59929e-02
3.51000e+00		2.22041e+01		6.55190e-02
3.53000e+00		2.27155e+01		7.11074e-02
3.55000e+00		2.30013e+01		6.72293e-02
3.57000e+00		2.33828e+01		7.07996e-02
3.59000e+00		2.37703e+01		6.97228e-02
3.61000e+00		2.39150e+01		6.67342e-02
3.63000e+00		2.38965e+01		6.72759e-02
3.65000e+00		2.42278e+01		7.01358e-02
3.67000e+00		2.41582e+01		7.01475e-02
3.69000e+00		2.40117e+01		6.98652e-02
3.71000e+00		2.38000e+01		6.79667e-02
3.73000e+00		2.36406e+01		6.71330e-02
3.75000e+00		2.35472e+01		7.00446e-02
3.77000e+00		2.33361e+01		6.76756e-02
3.79000e+00		2.30939e+01		6.66477e-02
3.81000e+00		2.30603e+01		6.68192e-02
3.83000e+00		2.29634e+01		6.53231e-02
3.85000e+00		2.30605e+01		6.90816e-02
3.87000e+00		2.32640e+01		6.86759e-02
3.89000e+00		2.33070e+01		6.67121e-02
3.91000e+00		2.34484e+01		6.86910e-02
3.93000e+00		2.38678e+01		6.88634e-02
3.95000e+00		2.40461e+01		6.94524e-02
3.97000e+00		2.45991e+01		7.22524e-02
3.99000e+00		2.49169e+01		6.92758e-02
4.01000e+00		2.53521e+01		7.45613e-02
4.03000e+00		2.58574e+01		7.02706e-02
4.05000e+00		2.61354e+01		6.88507e-02
4.07000e+00		2.66380e+01		7.43021e-02
4.09000e+00		2.67630e+01		7.51190e-02
4.11000e+00		2.69732e+01		7.40385e-02
4.13000e+00		2.72966e+01		7.40881e-02
4.15000e+00		2.70962e+01		7.34376e-02
4.17000e+00		2.71702e+01		7.57922e-02
4.19000e+00		2.72867e+01		7.29235e-02
4.21000e+00		2.69532e+01		7.49909e-02
4.23000e+00		2.68571e+01		7.41454e-02
4.25000e+00		2.65641e+01		7.34498e-02
4.27000e+00		2.64788e+01		7.27267e-02
4.29000e+00		2.63127e+01		7.23478e-02
4.31000e+00		2.62086e+01		7.30509e-02
4.33000e+00		2.62172e+01		6.86699e-02
4.35000e+00		2.61637e+01		7.26289e-02
4.37000e+00		2.63225e+01		7.51741e-02
4.39000e+00		2.64124e+01		7.12685e-02
4.41000e+00		2.66473e+01		7.32992e-02
4.43000e+00		2.71042e+01		7.45171e-02
4.45000e+00		2.72300e+01		7.27450e-02
4.47000e+00		2.75359e+01		7.07875e-02
4.49000e+00		2.79818e+01		7.27335e-02
4.51000e+00		2.85612e+01		7.40707e-02
4.53000e+00		2.89095e+01		7.77721e-02
4.55000e+00		2.94462e+01		7.68676e-02
4.57000e+00		2.97887e+01		7.79876e-02
4.59000e+00		2.98562e+01		7.49898e-02
4.61000e+00		3.02219e+01		7.58434e-02
4.63000e+00		3.02614e+01		7.67666e-02
4.65000e+00		3.02469e+01		7.69076e-02
4.67000e+00		3.04213e+01		7.47456e-02
4.69000e+00		3.01893e+01		7.81905e-02
4.71000e+00		3.00236e+01		7.61169e-02
4.73000e+00		3.00057e+01		7.59682e-02
4.75000e+00		2.97275e+01		7.63375e-02
4.77000e+00		2.97064e+01		8.00360e-02
4.79000e+00		2.95361e+01		7.86143e-02
4.81000e+00		2.94445e+01		7.77853e-02
4.83000e+00		2.92531e+01		7.56160e-02
4.85000e+00		2.92040e+01		7.83283e-02
4.87000e+00		2.94779e+01		7.63778e-02
4.89000e+00		2.95955e+01		7.93952e-02
4.91000e+00		2.98811e+01		7.78622e-02
4.93000e+00		3.02950e+01		7.48687e-02
4.95000e+00		3.06132e+01		8.00870e-02
4.97000e+00		3.08927e+01		8.08608e-02
4.99000e+00		3.12554e+01		7.49030e-02
5.01000e+00		3.13786e+01		8.25399e-02
