# r	g(r)	sigma(g)
1.00000e-02		3.05296e-02		2.41200e-03
3.00000e-02		1.02653e-01		4.73247e-03
5.00000e-02		1.58385e-01		5.83663e-03
7.00000e-02		2.22108e-01		6.76183e-03
9.00000e-02		2.95052e-01		7.72506e-03
1.10000e-01		3.56930e-01		8.46000e-03
1.30000e-01		4.46880e-01		9.49668e-03
1.50000e-01		5.20643e-01		9.98145e-03
1.70000e-01		6.22477e-01		1.12476e-02
1.90000e-01		6.82922e-01		1.15579e-02
2.10000e-01		8.01967e-01		1.26736e-02
2.30000e-01		9.25724e-01		1.32337e-02
2.50000e-01		1.05460e+00		1.44475e-02
2.70000e-01		1.18553e+00		1.51818e-02
2.90000e-01		1.35642e+00		1.64772e-02
3.10000e-01		1.51993e+00		1.79603e-02
3.30000e-01		1.72441e+00		1.92161e-02
3.50000e-01		1.95677e+00		1.91140e-02
3.70000e-01		2.20408e+00		2.15689e-02
3.90000e-01		2.48765e+00		2.21139e-02
4.10000e-01		2.82123e+00		2.27856e-02
4.30000e-01		3.18881e+00		2.49701e-02
4.50000e-01		3.47095e+00		2.60789e-02
4.70000e-01		3.86538e+00		2.71099e-02
4.90000e-01		4.26616e+00		3.02138e-02
5.10000e-01		4.60731e+00		2.96645e-02
5.30000e-01		4.85995e+00		2.99565e-02
5.50000e-01		5.15562e+00		3.20115e-02
5.70000e-01		5.27548e+00		3.24003e-02
5.90000e-01		5.39350e+00		3.26858e-02
6.10000e-01		5.30847e+00		3.24705e-02
6.30000e-01		5.24106e+00		3.21844e-02
6.50000e-01		5.04128e+00		3.11568e-02
6.70000e-01		4.82819e+00		3.13641e-02
6.90000e-01		4.53498e+00		3.00222e-02
7.10000e-01		4.28788e+00		2.96967e-02
7.30000e-01		4.11556e+00		2.83317e-02
7.50000e-01		4.00594e+00		2.80659e-02
7.70000e-01		3.84694e+00		2.83675e-02
7.90000e-01		3.86046e+00		2.77830e-02
8.10000e-01		3.84448e+00		2.86261e-02
8.30000e-01		3.93054e+00		2.86141e-02
8.50000e-01		4.11822e+00		2.83460e-02
8.70000e-01		4.34197e+00		3.08086e-02
8.90000e-01		4.59051e+00		3.00289e-02
9.10000e-01		4.96363e+00		3.05610e-02
9.30000e-01		5.29331e+00		3.16598e-02
9.50000e-01		5.75515e+00		3.47064e-02
9.70000e-01		6.20940e+00		3.49199e-02
9.90000e-01		6.69849e+00		3.70096e-02
1.01000e+00		7.03042e+00		3.68408e-02
1.03000e+00		7.52771e+00		3.87472e-02
1.05000e+00		7.82809e+00		4.08467e-02
1.07000e+00		8.11535e+00		4.10577e-02
1.09000e+00		8.28357e+00		4.15721e-02
1.11000e+00		8.40672e+00		4.08174e-02
1.13000e+00		8.41327e+00		4.11118e-02
1.15000e+00		8.34607e+00		4.18995e-02
1.17000e+00		8.19096e+00		3.95208e-02
1.19000e+00		7.96844e+00		4.03303e-02
1.21000e+00		7.87603e+00		3.85933e-02
1.23000e+00		7.65987e+00		3.92150e-02
1.25000e+00		7.33183e+00		3.79797e-02
1.27000e+00		7.20889e+00		3.80590e-02
1.29000e+00		7.10849e+00		3.69878e-02
1.31000e+00		7.07058e+00		3.79627e-02
1.33000e+00		7.12652e+00		3.92182e-02
1.35000e+00		7.21401e+00		3.70685e-02
1.37000e+00		7.34105e+00		3.68349e-02
1.39000e+00		7.54103e+00		3.88232e-02
1.41000e+00		7.85698e+00		4.04170e-02
1.43000e+00		8.31021e+00		4.02658e-02
1.45000e+00		8.69542e+00		4.11952e-02
1.47000e+00		9.05767e+00		4.29593e-02
1.49000e+00		9.57361e+00		4.37089e-02
1.51000e+00		1.00170e+01		4.29520e-02
1.53000e+00		1.03836e+01		4.54482e-02
1.55000e+00		1.07909e+01		4.64437e-02
1.57000e+00		1.11265e+01		4.57123e-02
1.59000e+00		1.13171e+01		4.79055e-02
1.61000e+00		1.15222e+01		4.80339e-02
1.63000e+00		1.15685e+01		4.87255e-02
1.65000e+00		1.15109e+01		4.89542e-02
1.67000e+00		1.13972e+01		4.79432e-02
1.69000e+00		1.13113e+01		4.61056e-02
1.71000e+00		1.10919e+01		4.83544e-02
1.73000e+00		1.08204e+01		4.53461e-02
1.75000e+00		1.07268e+01		4.69057e-02
1.77000e+00		1.04700e+01		4.44387e-02
1.79000e+00		1.03762e+01		4.59792e-02
1.81000e+00		1.03034e+01		4.57320e-02
1.83000e+00		1.02975e+01		4.40391e-02
1.85000e+00		1.03733e+01		4.45414e-02
1.87000e+00		1.04266e+01		4.61859e-02
1.89000e+00		1.07520e+01		4.75330e-02
1.91000e+00		1.09599e+01		4.64322e-02
1.93000e+00		1.13232e+01		4.65569e-02
1.95000e+00		1.17928e+01		4.64952e-02
1.97000e+00		1.21395e+01		4.96922e-02
1.99000e+00		1.25667e+01		5.02911e-02
2.01000e+00		1.29690e+01		5.06086e-02
2.03000e+00		1.34962e+01		5.16334e-02
2.05000e+00		1.38213e+01		5.16936e-02
2.07000e+00		1.41629e+01		5.24312e-02
2.09000e+00		1.45299e+01		5.52451e-02
2.11000e+00		1.46032e+01		5.33916e-02
2.13000e+00		1.47046e+01		5.24550e-02
2.15000e+00		1.46116e+01		5.40862e-02
2.17000e+00		1.46372e+01		5.12841e-02
2.19000e+00		1.43725e+01		5.40430e-02
2.21000e+00		1.42692e+01		5.46248e-02
2.23000e+00		1.40514e+01		5.27630e-02
2.25000e+00		1.39234e+01		5.51878e-02
2.27000e+00		1.37435e+01		5.24946e-02
2.29000e+00		1.35916e+01		5.27322e-02
2.31000e+00		1.34972e+01		5.06465e-02
2.33000e+00		1.34517e+01		5.10524e-02
2.35000e+00		1.34679e+01		5.22453e-02
2.37000e+00		1.36254e+01		5.02646e-02
2.39000e+00		1.37531e+01		5.31116e-02
2.41000e+00		1.41240e+01		5.45069e-02
2.43000e+00		1.44079e+01		5.43828e-02
2.45000e+00		1.48140e+01		5.28750e-02
2.47000e+00		1.52146e+01		5.30738e-02
2.49000e+00		1.56109e+01		5.47805e-02
2.51000e+00		1.62772e+01		5.82125e-02
2.53000e+00		1.66350e+01		5.52952e-02
2.55000e+00		1.69228e+01		5.65969e-02
2.57000e+00		1.72781e+01		5.90696e-02
2.59000e+00		1.75007e+01		6.01006e-02
2.61000e+00		1.77787e+01		6.13756e-02
2.63000e+00		1.77525e+01		5.86217e-02
2.65000e+00		1.78244e+01		5.88398e-02
2.67000e+00		1.77715e+01		6.00734e-02
2.69000e+00		1.76355e+01		5.91036e-02
2.71000e+00		1.75388e+01		6.07215e-02
2.73000e+00		1.73482e+01		5.99459e-02
2.75000e+00		1.71521e+01		5.98735e-02
2.77000e+00		1.68044e+01		5.98634e-02
2.79000e+00		1.67143e+01		5.51889e-02
2.81000e+00		1.66858e+01		5.67854e-02
2.83000e+00		1.66919e+01		6.02742e-02
2.85000e+00		1.66803e+01		5.65573e-02
2.87000e+00		1.68477e+01		5.74187e-02
2.89000e+00		1.69712e+01		5.81101e-02
2.91000e+00		1.71638e+01		6.07845e-02
2.93000e+00		1.75576e+01		5.81144e-02
2.95000e+00		1.79055e+01		6.12266e-02
2.97000e+00		1.83862e+01		6.01162e-02
2.99000e+00		1.86856e+01		6.15727e-02
3.01000e+00		1.91777e+01		6.17287e-02
3.03000e+00		1.96353e+01		6.09663e-02
3.05000e+00		1.99619e+01		6.49840e-02
3.07000e+00		2.04534e+01		6.39688e-02
3.09000e+00		2.06126e+01		6.67625e-02
3.11000e+00		2.09126e+01		6.24351e-02
3.13000e+00		2.09710e+01		6.23419e-02
3.15000e+00		2.10323e+01		6.65286e-02
3.17000e+00		2.09144e+01		6.39470e-02
3.19000e+00		2.07653e+01		6.28150e-02
3.21000e+00		2.06936e+01		6.49245e-02
3.23000e+00		2.03743e+01		6.58507e-02
3.25000e+00		2.01424e+01		6.31512e-02
3.27000e+00		2.02592e+01		6.18148e-02
3.29000e+00		1.99613e+01		6.27923e-02
3.31000e+00		1.99125e+01		5.98187e-02
3.33000e+00		1.97642e+01		6.31552e-02
3.35000e+00		1.97889e+01		6.32314e-02
3.37000e+00		1.99902e+01		6.22358e-02
3.39000e+00		2.01170e+01		6.36605e-02
3.41000e+00		2.02475e+01		6.48603e-02
3.43000e+00		2.07987e+01		6.30385e-02
3.45000e+00		2.10009e+01		6.37340e-02
3.47000e+00		2.15664e+01		6.30513e-02
3.49000e+00		2.19240e+01		6.68698e-02
3.51000e+00		2.23446e+01		6.64180e-02
3.53000e+00		2.28372e+01		6.50317e-02
3.55000e+00		2.32005e+01		6.91841e-02
3.57000e+00		2.35435e+01		6.93036e-02
3.59000e+00		2.37197e+01		6.85825e-02
3.61000e+00		2.40774e+01		6.71428e-02
3.63000e+00		2.40481e+01		6.72589e-02
3.65000e+00		2.40701e+01		7.05613e-02
3.67000e+00		2.40660e+01		6.71412e-02
3.69000e+00		2.38527e+01		7.05494e-02
3.71000e+00		2.37416e+01		6.89384e-02
3.73000e+00		2.35709e+01		7.08340e-02
3.75000e+00		2.35445e+01		6.72100e-02
3.77000e+00		2.32921e+01		6.75721e-02
3.79000e+00		2.30398e+01		6.61182e-02
3.81000e+00		2.31251e+01		6.54639e-02
3.83000e+00		2.28126e+01		6.91168e-02
3.85000e+00		2.29153e+01		6.71240e-02
3.87000e+00		2.30384e+01		6.78330e-02
3.89000e+00		2.31546e+01		6.59515e-02
3.91000e+00		2.35666e+01		6.72560e-02
3.93000e+00		2.37637e+01		7.00450e-02
3.95000e+00		2.42434e+01		6.91864e-02
3.97000e+00		2.45964e+01		6.99327e-02
3.99000e+00		2.50894e+01		7.22096e-02
4.01000e+00		2.53212e+01		7.04431e-02
4.03000e+00		2.59303e+01		7.18832e-02
4.05000e+00		2.64710e+01		7.36904e-02
4.07000e+00		2.67093e+01		7.36154e-02
4.09000e+00		2.68118e+01		7.67131e-02
4.11000e+00		2.70911e+01		7.58613e-02
4.13000e+00		2.71642e+01		7.51292e-02
4.15000e+00		2.72505e+01		7.20463e-02
4.17000e+00		2.71538e+01		7.48666e-02
4.19000e+00		2.71304e+01		7.44825e-02
4.21000e+00		2.70206e+01		7.23324e-02
4.23000e+00		2.67518e+01		6.98263e-02
4.25000e+00		2.66761e+01		7.08723e-02
4.27000e+00		2.63637e+01		7.24979e-02
4.29000e+00		2.63502e+01		7.03636e-02
4.31000e+00		2.61926e+01		7.35125e-02
4.33000e+00		2.61311e+01		7.06848e-02
4.35000e+00		2.60604e+01		7.28796e-02
4.37000e+00		2.61508e+01		7.27180e-02
4.39000e+00		2.64192e+01		7.21229e-02
4.41000e+00		2.65940e+01		7.28867e-02
4.43000e+00		2.69200e+01		7.54265e-02
4.45000e+00		2.72044e+01		7.36799e-02
4.47000e+00		2.78146e+01		7.53215e-02
4.49000e+00		2.80332e+01		7.34478e-02
4.51000e+00		2.87108e+01		7.53681e-02
4.53000e+00		2.90208e+01		7.93286e-02
4.55000e+00		2.93851e+01		7.28660e-02
4.57000e+00		2.97705e+01		8.03492e-02
4.59000e+00		3.00020e+01		7.73594e-02
4.61000e+00		3.02795e+01		7.94001e-02
4.63000e+00		3.02385e+01		7.76860e-02
4.65000e+00		3.03901e+01		8.20775e-02
4.67000e+00		3.03483e+01		7.75825e-02
4.69000e+00		3.03340e+01		7.76870e-02
4.71000e+00		3.01184e+01		7.68664e-02
4.73000e+00		2.98285e+01		7.65036e-02
4.75000e+00		2.97119e+01		7.97049e-02
4.77000e+00		2.94777e+01		7.59372e-02
4.79000e+00		2.93578e+01		7.79670e-02
4.81000e+00		2.95205e+01		7.75996e-02
4.83000e+00		2.92695e+01		7.57867e-02
4.85000e+00		2.92517e+01		7.83980e-02
4.87000e+00		2.93966e+01		7.50671e-02
4.89000e+00		2.96056e+01		7.59981e-02
4.91000e+00		2.98965e+01		7.82696e-02
4.93000e+00		3.00690e+01		7.79540e-02
4.95000e+00		3.03534e+01		7.89768e-02
4.97000e+00		3.08378e+01		7.69102e-02
4.99000e+00		3.13117e+01		7.46135e-02
5.01000e+00		3.13113e+01		7.87917e-02
