# r	g(r)	sigma(g)
1.00000e-02		0.00000e+00		0.00000e+00
3.00000e-02		2.04897e-04		2.04793e-04
5.00000e-02		0.00000e+00		0.00000e+00
7.00000e-02		4.09794e-04		2.89475e-04
9.00000e-02		1.63918e-03		5.77190e-04
1.10000e-01		1.02448e-03		4.57005e-04
1.30000e-01		4.71263e-03		9.71170e-04
1.50000e-01		1.06546e-02		1.49545e-03
1.70000e-01		1.41379e-02		1.69199e-03
1.90000e-01		2.49974e-02		2.23484e-03
2.10000e-01		3.40129e-02		2.62529e-03
2.30000e-01		5.08144e-02		3.32839e-03
2.50000e-01		7.43776e-02		4.07688e-03
2.70000e-01		9.87603e-02		4.46717e-03
2.90000e-01		1.43838e-01		5.48350e-03
3.10000e-01		2.10224e-01		6.58447e-03
3.30000e-01		2.70054e-01		7.65923e-03
3.50000e-01		3.82952e-01		8.60702e-03
3.70000e-01		5.17365e-01		1.01770e-02
3.90000e-01		6.67759e-01		1.14681e-02
4.10000e-01		9.10357e-01		1.32176e-02
4.30000e-01		1.15644e+00		1.48681e-02
4.50000e-01		1.50640e+00		1.74489e-02
4.70000e-01		1.92193e+00		1.93764e-02
4.90000e-01		2.38336e+00		2.13917e-02
5.10000e-01		2.85893e+00		2.33980e-02
5.30000e-01		3.44924e+00		2.48981e-02
5.50000e-01		4.05798e+00		2.72713e-02
5.70000e-01		4.56736e+00		2.85574e-02
5.90000e-01		4.99252e+00		3.10343e-02
6.10000e-01		5.38572e+00		3.27111e-02
6.30000e-01		5.60762e+00		3.24921e-02
6.50000e-01		5.74756e+00		3.34078e-02
6.70000e-01		5.71806e+00		3.48383e-02
6.90000e-01		5.50845e+00		3.17809e-02
7.10000e-01		5.34330e+00		3.24454e-02
7.30000e-01		5.09989e+00		3.21095e-02
7.50000e-01		4.85585e+00		3.13172e-02
7.70000e-01		4.65710e+00		2.98062e-02
7.90000e-01		4.36267e+00		2.93092e-02
8.10000e-01		4.14261e+00		2.86105e-02
8.30000e-01		4.09917e+00		2.81173e-02
8.50000e-01		4.06085e+00		2.81602e-02
8.70000e-01		4.07561e+00		2.80062e-02
8.90000e-01		4.19404e+00		2.98397e-02
9.10000e-01		4.38275e+00		2.88856e-02
9.30000e-01		4.60014e+00		2.99432e-02
9.50000e-01		4.98391e+00		3.24609e-02
9.70000e-01		5.31708e+00		3.26188e-02
9.90000e-01		5.78486e+00		3.57668e-02
1.01000e+00		6.30447e+00		3.48208e-02
1.03000e+00		6.82512e+00		3.52901e-02
1.05000e+00		7.33285e+00		3.86468e-02
1.07000e+00		7.70351e+00		3.82024e-02
1.09000e+00		8.12191e+00		4.04709e-02
1.11000e+00		8.41409e+00		4.09769e-02
1.13000e+00		8.54011e+00		4.06285e-02
1.15000e+00		8.74275e+00		4.18437e-02
1.17000e+00		8.73926e+00		4.16023e-02
1.19000e+00		8.54113e+00		4.05447e-02
1.21000e+00		8.43807e+00		4.02267e-02
1.23000e+00		8.27415e+00		4.05832e-02
1.25000e+00		7.96619e+00		3.87943e-02
1.27000e+00		7.75494e+00		3.94156e-02
1.29000e+00		7.51992e+00		3.86294e-02
1.31000e+00		7.40498e+00		3.96514e-02
1.33000e+00		7.22282e+00		3.85011e-02
1.35000e+00		7.18881e+00		3.85761e-02
1.37000e+00		7.27138e+00		3.78159e-02
1.39000e+00		7.39084e+00		4.02065e-02
1.41000e+00		7.49165e+00		4.04455e-02
1.43000e+00		7.85513e+00		3.88385e-02
1.45000e+00		8.09630e+00		3.96138e-02
1.47000e+00		8.65239e+00		4.25218e-02
1.49000e+00		9.03678e+00		4.08034e-02
1.51000e+00		9.49247e+00		4.22459e-02
1.53000e+00		9.97213e+00		4.54074e-02
1.55000e+00		1.04161e+01		4.66477e-02
1.57000e+00		1.08569e+01		4.56166e-02
1.59000e+00		1.12066e+01		4.94001e-02
1.61000e+00		1.14523e+01		4.81494e-02
1.63000e+00		1.17611e+01		4.82730e-02
1.65000e+00		1.17900e+01		4.94079e-02
1.67000e+00		1.17306e+01		4.70443e-02
1.69000e+00		1.16814e+01		4.77933e-02
1.71000e+00		1.15812e+01		4.79018e-02
1.73000e+00		1.12777e+01		4.58338e-02
1.75000e+00		1.11642e+01		4.69959e-02
1.77000e+00		1.09218e+01		4.57455e-02
1.79000e+00		1.07647e+01		4.70391e-02
1.81000e+00		1.05327e+01		4.55173e-02
1.83000e+00		1.03954e+01		4.55390e-02
1.85000e+00		1.03696e+01		4.47918e-02
1.87000e+00		1.03670e+01		4.82317e-02
1.89000e+00		1.05106e+01		4.71295e-02
1.91000e+00		1.07802e+01		4.56825e-02
1.93000e+00		1.09681e+01		4.69849e-02
1.95000e+00		1.13515e+01		4.77755e-02
1.97000e+00		1.17431e+01		4.96207e-02
1.99000e+00		1.22170e+01		5.06464e-02
2.01000e+00		1.26807e+01		4.88185e-02
2.03000e+00		1.30448e+01		5.24196e-02
2.05000e+00		1.35396e+01		5.31442e-02
2.07000e+00		1.38746e+01		5.52072e-02
2.09000e+00		1.41887e+01		5.27884e-02
2.11000e+00		1.44258e+01		5.27894e-02
2.13000e+00		1.47384e+01		5.19182e-02
2.15000e+00		1.46952e+01		5.35163e-02
2.17000e+00		1.48792e+01		5.62701e-02
2.19000e+00		1.47188e+01		5.20034e-02
2.21000e+00		1.46700e+01		5.36186e-02
2.23000e+00		1.44633e+01		5.16537e-02
2.25000e+00		1.42676e+01		5.36396e-02
2.27000e+00		1.41623e+01		5.31367e-02
2.29000e+00		1.39383e+01		5.03940e-02
2.31000e+00		1.37027e+01		5.18211e-02
2.33000e+00		1.36091e+01		5.34891e-02
2.35000e+00		1.35724e+01		5.08713e-02
2.37000e+00		1.35906e+01		5.24796e-02
2.39000e+00		1.37617e+01		5.38592e-02
2.41000e+00		1.39850e+01		5.32183e-02
2.43000e+00		1.43071e+01		5.38207e-02
2.45000e+00		1.45835e+01		5.30180e-02
2.47000e+00		1.49724e+01		5.34611e-02
2.49000e+00		1.53996e+01		5.63683e-02
2.51000e+00		1.58334e+01		5.56754e-02
2.53000e+00		1.62360e+01		5.70278e-02
2.55000e+00		1.66411e+01		5.72956e-02
2.57000e+00		1.71132e+01		5.85609e-02
2.59000e+00		1.73415e+01		5.73211e-02
2.61000e+00		1.75537e+01		5.50430e-02
2.63000e+00		1.78744e+01		5.97542e-02
2.65000e+00		1.79305e+01		6.17479e-02
2.67000e+00		1.78650e+01		5.97102e-02
2.69000e+00		1.77527e+01		5.87969e-02
2.71000e+00		1.77676e+01		5.87748e-02
2.73000e+00		1.76269e+01		5.99349e-02
2.75000e+00		1.72851e+01		6.08449e-02
2.77000e+00		1.71394e+01		5.82698e-02
2.79000e+00		1.70355e+01		6.06667e-02
2.81000e+00		1.67870e+01		5.74955e-02
2.83000e+00		1.67507e+01		5.62253e-02
2.85000e+00		1.67675e+01		5.87758e-02
2.87000e+00		1.68321e+01		5.74160e-02
2.89000e+00		1.68429e+01		5.89252e-02
2.91000e+00		1.71353e+01		6.00851e-02
2.93000e+00		1.75441e+01		6.01698e-02
2.95000e+00		1.77799e+01		6.09825e-02
2.97000e+00		1.81096e+01		5.95112e-02
2.99000e+00		1.85319e+01		5.97800e-02
3.01000e+00		1.89907e+01		6.05342e-02
3.03000e+00		1.93378e+01		6.19336e-02
3.05000e+00		1.98549e+01		6.30550e-02
3.07000e+00		2.02465e+01		6.46286e-02
3.09000e+00		2.05954e+01		6.60990e-02
3.11000e+00		2.06598e+01		6.60529e-02
3.13000e+00		2.09239e+01		6.53729e-02
3.15000e+00		2.11175e+01		6.16386e-02
3.17000e+00		2.09884e+01		6.64272e-02
3.19000e+00		2.08804e+01		6.53056e-02
3.21000e+00		2.07753e+01		6.27269e-02
3.23000e+00		2.05995e+01		6.27255e-02
3.25000e+00		2.04004e+01		6.53890e-02
3.27000e+00		2.01215e+01		6.23033e-02
3.29000e+00		2.01393e+01		6.47218e-02
3.31000e+00		2.00463e+01		6.25145e-02
3.33000e+00		1.98961e+01		6.18531e-02
3.35000e+00		1.97474e+01		6.30561e-02
3.37000e+00		1.99537e+01		6.24025e-02
3.39000e+00		2.00750e+01		6.44937e-02
3.41000e+00		2.02996e+01		6.19524e-02
3.43000e+00		2.06391e+01		6.27444e-02
3.45000e+00		2.09765e+01		6.51248e-02
3.47000e+00		2.12867e+01		6.38366e-02
3.49000e+00		2.16136e+01		6.60585e-02
3.51000e+00		2.21563e+01		6.74927e-02
3.53000e+00		2.27634e+01		6.74685e-02
3.55000e+00		2.31077e+01		6.89624e-02
3.57000e+00		2.33878e+01		6.96664e-02
3.59000e+00		2.35263e+01		6.91209e-02
3.61000e+00		2.38111e+01		6.89338e-02
3.63000e+00		2.39643e+01		7.12932e-02
3.65000e+00		2.42123e+01		7.14261e-02
3.67000e+00		2.41643e+01		6.92553e-02
3.69000e+00		2.40926e+01		6.96922e-02
3.71000e+00		2.40055e+01		7.05212e-02
3.73000e+00		2.38803e+01		7.16874e-02
3.75000e+00		2.34720e+01		6.78110e-02
3.77000e+00		2.34531e+01		6.78105e-02
3.79000e+00		2.33136e+01		6.78940e-02
3.81000e+00		2.31165e+01		6.97524e-02
3.83000e+00		2.30021e+01		6.79043e-02
3.85000e+00		2.30726e+01		6.80143e-02
3.87000e+00		2.32068e+01		6.93698e-02
3.89000e+00		2.32474e+01		6.91880e-02
3.91000e+00		2.33138e+01		6.67852e-02
3.93000e+00		2.36894e+01		6.88191e-02
3.95000e+00		2.40180e+01		7.04304e-02
3.97000e+00		2.44407e+01		6.62902e-02
3.99000e+00		2.48479e+01		7.23572e-02
4.01000e+00		2.52765e+01		6.89970e-02
4.03000e+00		2.57084e+01		7.06029e-02
4.05000e+00		2.62346e+01		6.93331e-02
4.07000e+00		2.63454e+01		7.05388e-02
4.09000e+00		2.68974e+01		7.48404e-02
4.11000e+00		2.71212e+01		7.58199e-02
4.13000e+00		2.72949e+01		7.36900e-02
4.15000e+00		2.73263e+01		7.59625e-02
4.17000e+00		2.73146e+01		7.68829e-02
4.19000e+00		2.71124e+01		7.63616e-02
4.21000e+00		2.70720e+01		7.26307e-02
4.23000e+00		2.70044e+01		7.48716e-02
4.25000e+00		2.67247e+01		7.33797e-02
4.27000e+00		2.65614e+01		7.17133e-02
4.29000e+00		2.63159e+01		7.43847e-02
4.31000e+00		2.62092e+01		7.24379e-02
4.33000e+00		2.62086e+01		7.23365e-02
4.35000e+00		2.60385e+01		7.30145e-02
4.37000e+00		2.60451e+01		7.19457e-02
4.39000e+00		2.63942e+01		7.26848e-02
4.41000e+00		2.65165e+01		7.05956e-02
4.43000e+00		2.69015e+01		7.12545e-02
4.45000e+00		2.72652e+01		7.41568e-02
4.47000e+00		2.76330e+01		7.32434e-02
4.49000e+00		2.79238e+01		7.05931e-02
4.51000e+00		2.84180e+01		7.45096e-02
4.53000e+00		2.88907e+01		7.68404e-02
4.55000e+00		2.91404e+01		7.79614e-02
4.57000e+00		2.97498e+01		7.69971e-02
4.59000e+00		2.99012e+01		7.77057e-02
4.61000e+00		3.01473e+01		7.75418e-02
4.63000e+00		3.04032e+01		7.89710e-02
4.65000e+00		3.03762e+01		7.92219e-02
4.67000e+00		3.03741e+01		7.79296e-02
4.69000e+00		3.04637e+01		7.38192e-02
4.71000e+00		3.02252e+01		7.88632e-02
4.73000e+00		3.02803e+01		7.65404e-02
4.75000e+00		2.98861e+01		7.53485e-02
4.77000e+00		2.96369e+01		7.90606e-02
4.79000e+00		2.96416e+01		7.68836e-02
4.81000e+00		2.92884e+01		7.88900e-02
4.83000e+00		2.91927e+01		7.70504e-02
4.85000e+00		2.91874e+01		7.56668e-02
4.87000e+00		2.94271e+01		7.49470e-02
4.89000e+00		2.95472e+01		7.55733e-02
4.91000e+00		2.96582e+01		7.47820e-02
4.93000e+00		3.01092e+01		7.58990e-02
4.95000e+00		3.03764e+01		7.62393e-02
4.97000e+00		3.07958e+01		7.69660e-02
4.99000e+00		3.11136e+01		7.87119e-02
5.01000e+00		3.10659e+01		8.11586e-02
