# r	g(r)	sigma(g)
1.00000e-02		0.00000e+00		0.00000e+00
3.00000e-02		2.04897e-04		2.04793e-04
5.00000e-02		0.00000e+00		0.00000e+00
7.00000e-02		2.04897e-04		2.04793e-04
9.00000e-02		1.63918e-03		5.77190e-04
1.10000e-01		2.04897e-03		6.44660e-04
1.30000e-01		4.71263e-03		9.71170e-04
1.50000e-01		6.14691e-03		1.10513e-03
1.70000e-01		1.00400e-02		1.42804e-03
1.90000e-01		1.63918e-02		1.78078e-03
2.10000e-01		3.07345e-02		2.48655e-03
2.30000e-01		4.85606e-02		3.10920e-03
2.50000e-01		7.31482e-02		3.88907e-03
2.70000e-01		1.01424e-01		4.65211e-03
2.90000e-01		1.39945e-01		5.26310e-03
3.10000e-01		1.99979e-01		6.54325e-03
3.30000e-01		2.70669e-01		7.38292e-03
3.50000e-01		3.55086e-01		8.84000e-03
3.70000e-01		5.13882e-01		1.02743e-02
3.90000e-01		6.71857e-01		1.20603e-02
4.10000e-01		8.82081e-01		1.30986e-02
4.30000e-01		1.14927e+00		1.52869e-02
4.50000e-01		1.46768e+00		1.71529e-02
4.70000e-01		1.86333e+00		1.97381e-02
4.90000e-01		2.34730e+00		2.03833e-02
5.10000e-01		2.85483e+00		2.37695e-02
5.30000e-01		3.43510e+00		2.69007e-02
5.50000e-01		4.01926e+00		2.87161e-02
5.70000e-01		4.57740e+00		3.08022e-02
5.90000e-01		5.01957e+00		3.15381e-02
6.10000e-01		5.37219e+00		3.25685e-02
6.30000e-01		5.64819e+00		3.34240e-02
6.50000e-01		5.79490e+00		3.19987e-02
6.70000e-01		5.76601e+00		3.42454e-02
6.90000e-01		5.61827e+00		3.23446e-02
7.10000e-01		5.46296e+00		3.24005e-02
7.30000e-01		5.15336e+00		3.09744e-02
7.50000e-01		4.83372e+00		3.12857e-02
7.70000e-01		4.63047e+00		3.01132e-02
7.90000e-01		4.36390e+00		3.06671e-02
8.10000e-01		4.22866e+00		2.97804e-02
8.30000e-01		4.15859e+00		2.88487e-02
8.50000e-01		4.07520e+00		2.87053e-02
8.70000e-01		4.10429e+00		2.72113e-02
8.90000e-01		4.16637e+00		2.85726e-02
9.10000e-01		4.36164e+00		2.88093e-02
9.30000e-01		4.67431e+00		3.14509e-02
9.50000e-01		4.92654e+00		3.15691e-02
9.70000e-01		5.32425e+00		3.23000e-02
9.90000e-01		5.76703e+00		3.43572e-02
1.01000e+00		6.21002e+00		3.57500e-02
1.03000e+00		6.76918e+00		3.48656e-02
1.05000e+00		7.21872e+00		3.82461e-02
1.07000e+00		7.65024e+00		3.91338e-02
1.09000e+00		8.07724e+00		3.95258e-02
1.11000e+00		8.37516e+00		3.99412e-02
1.13000e+00		8.61346e+00		4.06875e-02
1.15000e+00		8.65710e+00		4.05635e-02
1.17000e+00		8.73332e+00		4.02017e-02
1.19000e+00		8.67595e+00		4.08197e-02
1.21000e+00		8.49831e+00		4.12393e-02
1.23000e+00		8.29013e+00		4.12769e-02
1.25000e+00		7.97397e+00		3.97362e-02
1.27000e+00		7.86640e+00		3.92558e-02
1.29000e+00		7.63426e+00		3.89333e-02
1.31000e+00		7.40375e+00		3.99982e-02
1.33000e+00		7.28040e+00		3.82747e-02
1.35000e+00		7.35805e+00		3.91256e-02
1.37000e+00		7.31462e+00		3.96472e-02
1.39000e+00		7.39084e+00		3.85954e-02
1.41000e+00		7.63118e+00		4.03970e-02
1.43000e+00		7.93914e+00		3.93477e-02
1.45000e+00		8.24341e+00		4.01339e-02
1.47000e+00		8.53088e+00		4.06915e-02
1.49000e+00		8.98371e+00		4.07343e-02
1.51000e+00		9.49636e+00		4.46831e-02
1.53000e+00		9.95000e+00		4.45510e-02
1.55000e+00		1.04063e+01		4.58238e-02
1.57000e+00		1.08157e+01		4.65946e-02
1.59000e+00		1.11546e+01		4.77827e-02
1.61000e+00		1.14197e+01		4.85967e-02
1.63000e+00		1.17617e+01		4.76872e-02
1.65000e+00		1.17531e+01		4.98879e-02
1.67000e+00		1.18365e+01		4.81938e-02
1.69000e+00		1.16453e+01		4.69600e-02
1.71000e+00		1.15507e+01		4.89870e-02
1.73000e+00		1.13064e+01		4.86229e-02
1.75000e+00		1.11294e+01		4.72042e-02
1.77000e+00		1.08905e+01		4.55916e-02
1.79000e+00		1.07456e+01		4.67880e-02
1.81000e+00		1.06479e+01		4.73243e-02
1.83000e+00		1.04674e+01		4.49025e-02
1.85000e+00		1.04381e+01		4.43694e-02
1.87000e+00		1.05854e+01		4.63885e-02
1.89000e+00		1.06065e+01		4.57609e-02
1.91000e+00		1.07821e+01		4.66853e-02
1.93000e+00		1.09567e+01		4.56694e-02
1.95000e+00		1.13199e+01		4.60309e-02
1.97000e+00		1.17943e+01		4.83842e-02
1.99000e+00		1.21918e+01		4.87213e-02
2.01000e+00		1.27284e+01		4.79189e-02
2.03000e+00		1.31570e+01		5.00385e-02
2.05000e+00		1.35982e+01		5.28160e-02
2.07000e+00		1.40344e+01		5.20545e-02
2.09000e+00		1.44063e+01		5.59589e-02
2.11000e+00		1.45432e+01		5.32716e-02
2.13000e+00		1.48616e+01		5.30927e-02
2.15000e+00		1.49116e+01		5.44877e-02
2.17000e+00		1.48388e+01		5.35554e-02
2.19000e+00		1.48233e+01		5.37390e-02
2.21000e+00		1.47227e+01		5.68415e-02
2.23000e+00		1.44590e+01		5.24350e-02
2.25000e+00		1.42807e+01		5.08069e-02
2.27000e+00		1.40115e+01		5.46271e-02
2.29000e+00		1.38654e+01		5.29437e-02
2.31000e+00		1.36597e+01		5.36220e-02
2.33000e+00		1.36447e+01		5.21370e-02
2.35000e+00		1.35132e+01		5.04046e-02
2.37000e+00		1.35597e+01		5.19932e-02
2.39000e+00		1.37412e+01		5.32645e-02
2.41000e+00		1.39795e+01		5.25456e-02
2.43000e+00		1.42172e+01		5.14415e-02
2.45000e+00		1.44963e+01		5.23592e-02
2.47000e+00		1.49778e+01		5.61249e-02
2.49000e+00		1.53843e+01		5.52326e-02
2.51000e+00		1.59709e+01		5.58176e-02
2.53000e+00		1.64098e+01		5.59446e-02
2.55000e+00		1.65473e+01		5.67731e-02
2.57000e+00		1.71677e+01		6.09209e-02
2.59000e+00		1.74562e+01		5.74121e-02
2.61000e+00		1.76851e+01		6.25894e-02
2.63000e+00		1.79320e+01		6.04518e-02
2.65000e+00		1.79264e+01		6.10441e-02
2.67000e+00		1.79932e+01		5.85714e-02
2.69000e+00		1.79576e+01		5.69808e-02
2.71000e+00		1.76840e+01		6.01970e-02
2.73000e+00		1.76175e+01		5.66428e-02
2.75000e+00		1.74871e+01		5.83036e-02
2.77000e+00		1.71984e+01		5.75061e-02
2.79000e+00		1.70560e+01		5.82942e-02
2.81000e+00		1.68427e+01		5.98776e-02
2.83000e+00		1.66930e+01		5.72477e-02
2.85000e+00		1.67964e+01		5.82472e-02
2.87000e+00		1.69149e+01		5.72645e-02
2.89000e+00		1.69829e+01		5.85613e-02
2.91000e+00		1.70741e+01		5.52488e-02
2.93000e+00		1.73169e+01		5.75751e-02
2.95000e+00		1.76201e+01		6.05797e-02
2.97000e+00		1.81612e+01		6.05111e-02
2.99000e+00		1.84715e+01		6.02022e-02
3.01000e+00		1.90103e+01		5.92435e-02
3.03000e+00		1.93638e+01		6.29063e-02
3.05000e+00		1.98861e+01		6.23738e-02
3.07000e+00		2.03842e+01		6.40628e-02
3.09000e+00		2.06153e+01		6.32435e-02
3.11000e+00		2.08011e+01		6.37244e-02
3.13000e+00		2.09304e+01		6.39994e-02
3.15000e+00		2.11767e+01		6.38204e-02
3.17000e+00		2.11519e+01		6.42826e-02
3.19000e+00		2.11312e+01		6.34663e-02
3.21000e+00		2.08136e+01		6.17064e-02
3.23000e+00		2.06835e+01		6.35527e-02
3.25000e+00		2.05913e+01		6.39585e-02
3.27000e+00		2.03323e+01		6.11821e-02
3.29000e+00		1.99609e+01		6.28083e-02
3.31000e+00		1.98639e+01		6.30485e-02
3.33000e+00		1.99537e+01		6.27307e-02
3.35000e+00		1.98559e+01		6.44681e-02
3.37000e+00		1.99387e+01		6.37389e-02
3.39000e+00		2.00303e+01		6.41873e-02
3.41000e+00		2.04178e+01		6.26420e-02
3.43000e+00		2.05282e+01		6.29999e-02
3.45000e+00		2.08227e+01		6.61258e-02
3.47000e+00		2.12804e+01		6.45027e-02
3.49000e+00		2.17318e+01		6.45092e-02
3.51000e+00		2.20752e+01		6.68040e-02
3.53000e+00		2.25253e+01		6.70539e-02
3.55000e+00		2.29741e+01		6.54130e-02
3.57000e+00		2.34400e+01		6.75857e-02
3.59000e+00		2.37168e+01		6.85721e-02
3.61000e+00		2.40422e+01		6.74684e-02
3.63000e+00		2.40580e+01		7.14222e-02
3.65000e+00		2.43592e+01		6.96498e-02
3.67000e+00		2.41270e+01		6.86251e-02
3.69000e+00		2.41582e+01		6.91621e-02
3.71000e+00		2.39522e+01		6.94974e-02
3.73000e+00		2.39494e+01		6.92026e-02
3.75000e+00		2.36482e+01		6.92446e-02
3.77000e+00		2.34492e+01		7.02105e-02
3.79000e+00		2.31695e+01		6.80648e-02
3.81000e+00		2.30995e+01		6.78688e-02
3.83000e+00		2.29880e+01		6.90833e-02
3.85000e+00		2.29860e+01		6.50405e-02
3.87000e+00		2.29167e+01		6.92371e-02
3.89000e+00		2.31911e+01		6.77853e-02
3.91000e+00		2.32554e+01		6.65694e-02
3.93000e+00		2.35834e+01		6.90114e-02
3.95000e+00		2.40137e+01		6.89867e-02
3.97000e+00		2.42651e+01		7.14197e-02
3.99000e+00		2.47577e+01		6.69895e-02
4.01000e+00		2.52484e+01		7.12230e-02
4.03000e+00		2.58357e+01		6.98766e-02
4.05000e+00		2.61737e+01		7.36393e-02
4.07000e+00		2.65624e+01		6.78989e-02
4.09000e+00		2.68890e+01		6.98444e-02
4.11000e+00		2.70513e+01		7.54965e-02
4.13000e+00		2.73121e+01		7.70279e-02
4.15000e+00		2.72372e+01		7.39240e-02
4.17000e+00		2.73374e+01		7.31182e-02
4.19000e+00		2.72847e+01		7.37992e-02
4.21000e+00		2.72245e+01		7.61310e-02
4.23000e+00		2.69007e+01		7.30883e-02
4.25000e+00		2.67345e+01		7.11688e-02
4.27000e+00		2.63856e+01		7.50973e-02
4.29000e+00		2.64909e+01		7.31343e-02
4.31000e+00		2.63297e+01		7.24879e-02
4.33000e+00		2.61457e+01		7.37084e-02
4.35000e+00		2.61707e+01		7.07099e-02
4.37000e+00		2.60928e+01		7.36490e-02
4.39000e+00		2.63020e+01		7.05378e-02
4.41000e+00		2.66311e+01		7.39284e-02
4.43000e+00		2.67212e+01		7.32486e-02
4.45000e+00		2.70816e+01		7.50839e-02
4.47000e+00		2.75379e+01		7.48001e-02
4.49000e+00		2.79143e+01		7.56198e-02
4.51000e+00		2.85315e+01		7.53229e-02
4.53000e+00		2.89724e+01		7.84648e-02
4.55000e+00		2.91720e+01		7.45569e-02
4.57000e+00		2.96105e+01		7.62325e-02
4.59000e+00		3.01006e+01		8.01897e-02
4.61000e+00		3.01887e+01		7.74357e-02
4.63000e+00		3.01735e+01		8.19690e-02
4.65000e+00		3.05020e+01		7.62934e-02
4.67000e+00		3.04960e+01		7.92037e-02
4.69000e+00		3.03958e+01		7.79507e-02
4.71000e+00		3.01567e+01		7.63922e-02
4.73000e+00		2.97920e+01		7.79877e-02
4.75000e+00		2.99525e+01		7.90016e-02
4.77000e+00		2.97883e+01		7.57537e-02
4.79000e+00		2.94082e+01		7.79423e-02
4.81000e+00		2.93931e+01		7.67052e-02
4.83000e+00		2.93978e+01		7.56745e-02
4.85000e+00		2.92681e+01		7.83832e-02
4.87000e+00		2.93695e+01		7.46344e-02
4.89000e+00		2.94240e+01		7.49702e-02
4.91000e+00		2.95449e+01		7.51363e-02
4.93000e+00		2.99410e+01		7.76170e-02
4.95000e+00		3.02483e+01		7.80384e-02
4.97000e+00		3.07434e+01		8.02872e-02
4.99000e+00		3.10484e+01		7.94219e-02
5.01000e+00		3.10145e+01		7.77653e-02
