# r	g(r)	sigma(g)
1.00000e-02		0.00000e+00		0.00000e+00
3.00000e-02		2.04897e-04		2.04793e-04
5.00000e-02		0.00000e+00		0.00000e+00
7.00000e-02		1.63918e-03		5.77190e-04
9.00000e-02		4.09794e-04		2.89475e-04
1.10000e-01		2.86856e-03		7.61214e-04
1.30000e-01		6.35181e-03		1.12281e-03
1.50000e-01		1.10644e-02		1.46404e-03
1.70000e-01		1.76211e-02		1.86140e-03
1.90000e-01		2.39729e-02		2.19892e-03
2.10000e-01		4.20039e-02		3.00124e-03
2.30000e-01		5.67565e-02		3.46207e-03
2.50000e-01		7.90902e-02		3.99154e-03
2.70000e-01		1.07776e-01		4.62963e-03
2.90000e-01		1.52853e-01		5.48980e-03
3.10000e-01		2.18830e-01		6.40071e-03
3.30000e-01		2.98740e-01		7.51937e-03
3.50000e-01		3.90124e-01		8.92223e-03
3.70000e-01		5.50353e-01		1.03884e-02
3.90000e-01		7.04641e-01		1.22302e-02
4.10000e-01		9.29208e-01		1.37526e-02
4.30000e-01		1.21770e+00		1.56031e-02
4.50000e-01		1.56726e+00		1.76126e-02
4.70000e-01		1.98135e+00		2.01619e-02
4.90000e-01		2.46368e+00		2.24781e-02
5.10000e-01		2.93781e+00		2.38449e-02
5.30000e-01		3.51296e+00		2.56987e-02
5.50000e-01		4.10675e+00		2.93792e-02
5.70000e-01		4.65833e+00		3.06865e-02
5.90000e-01		5.12796e+00		3.16587e-02
6.10000e-01		5.47710e+00		3.16862e-02
6.30000e-01		5.71212e+00		3.46238e-02
6.50000e-01		5.78752e+00		3.36571e-02
6.70000e-01		5.76539e+00		3.28369e-02
6.90000e-01		5.54431e+00		3.24357e-02
7.10000e-01		5.26524e+00		3.31599e-02
7.30000e-01		5.08042e+00		3.06545e-02
7.50000e-01		4.81364e+00		3.14468e-02
7.70000e-01		4.55465e+00		2.94819e-02
7.90000e-01		4.29915e+00		3.06557e-02
8.10000e-01		4.19117e+00		2.87526e-02
8.30000e-01		4.05266e+00		2.88858e-02
8.50000e-01		3.97234e+00		2.85497e-02
8.70000e-01		4.09773e+00		2.96464e-02
8.90000e-01		4.18523e+00		2.87310e-02
9.10000e-01		4.38951e+00		3.10040e-02
9.30000e-01		4.58908e+00		3.00134e-02
9.50000e-01		5.02387e+00		3.11491e-02
9.70000e-01		5.44596e+00		3.39981e-02
9.90000e-01		5.86784e+00		3.55889e-02
1.01000e+00		6.34996e+00		3.61499e-02
1.03000e+00		6.87778e+00		3.68452e-02
1.05000e+00		7.30314e+00		3.73177e-02
1.07000e+00		7.88013e+00		3.91916e-02
1.09000e+00		8.28706e+00		3.98554e-02
1.11000e+00		8.45692e+00		4.16689e-02
1.13000e+00		8.64891e+00		4.25894e-02
1.15000e+00		8.81528e+00		4.18701e-02
1.17000e+00		8.74500e+00		4.20053e-02
1.19000e+00		8.62596e+00		4.12830e-02
1.21000e+00		8.51040e+00		4.19118e-02
1.23000e+00		8.32394e+00		4.18089e-02
1.25000e+00		8.00307e+00		4.03971e-02
1.27000e+00		7.71949e+00		3.83535e-02
1.29000e+00		7.49493e+00		3.86514e-02
1.31000e+00		7.37895e+00		3.87469e-02
1.33000e+00		7.22303e+00		3.82899e-02
1.35000e+00		7.21442e+00		3.83772e-02
1.37000e+00		7.24208e+00		3.68696e-02
1.39000e+00		7.39965e+00		3.85136e-02
1.41000e+00		7.56111e+00		3.92950e-02
1.43000e+00		7.85391e+00		3.89985e-02
1.45000e+00		8.19588e+00		3.99283e-02
1.47000e+00		8.58477e+00		4.10704e-02
1.49000e+00		9.00133e+00		4.21381e-02
1.51000e+00		9.45005e+00		4.22585e-02
1.53000e+00		1.00363e+01		4.41233e-02
1.55000e+00		1.05223e+01		4.56180e-02
1.57000e+00		1.10548e+01		4.73057e-02
1.59000e+00		1.12859e+01		4.60771e-02
1.61000e+00		1.15224e+01		4.78418e-02
1.63000e+00		1.17990e+01		4.84006e-02
1.65000e+00		1.18803e+01		4.89532e-02
1.67000e+00		1.18435e+01		4.78006e-02
1.69000e+00		1.17672e+01		4.87852e-02
1.71000e+00		1.16175e+01		4.88953e-02
1.73000e+00		1.13165e+01		4.59963e-02
1.75000e+00		1.11609e+01		4.77654e-02
1.77000e+00		1.08745e+01		4.78011e-02
1.79000e+00		1.07657e+01		4.71320e-02
1.81000e+00		1.05565e+01		4.42631e-02
1.83000e+00		1.04184e+01		4.81836e-02
1.85000e+00		1.03092e+01		4.59466e-02
1.87000e+00		1.03563e+01		4.41576e-02
1.89000e+00		1.05366e+01		4.67034e-02
1.91000e+00		1.07468e+01		4.65975e-02
1.93000e+00		1.10794e+01		4.73074e-02
1.95000e+00		1.12878e+01		4.75406e-02
1.97000e+00		1.17199e+01		4.72694e-02
1.99000e+00		1.22039e+01		4.95981e-02
2.01000e+00		1.28054e+01		4.95583e-02
2.03000e+00		1.31054e+01		4.96689e-02
2.05000e+00		1.35531e+01		5.24591e-02
2.07000e+00		1.38629e+01		5.23216e-02
2.09000e+00		1.42860e+01		5.37730e-02
2.11000e+00		1.44887e+01		5.39553e-02
2.13000e+00		1.48360e+01		5.32354e-02
2.15000e+00		1.47925e+01		5.47590e-02
2.17000e+00		1.47755e+01		5.36896e-02
2.19000e+00		1.47454e+01		5.30905e-02
2.21000e+00		1.47343e+01		5.38917e-02
2.23000e+00		1.45317e+01		5.54830e-02
2.25000e+00		1.42873e+01		5.18382e-02
2.27000e+00		1.40430e+01		5.22206e-02
2.29000e+00		1.38732e+01		5.18911e-02
2.31000e+00		1.37299e+01		5.11912e-02
2.33000e+00		1.38084e+01		5.45491e-02
2.35000e+00		1.37783e+01		5.45608e-02
2.37000e+00		1.37781e+01		5.16707e-02
2.39000e+00		1.38072e+01		5.28211e-02
2.41000e+00		1.40813e+01		5.38489e-02
2.43000e+00		1.42766e+01		5.39255e-02
2.45000e+00		1.46106e+01		5.40347e-02
2.47000e+00		1.50261e+01		5.53659e-02
2.49000e+00		1.53726e+01		5.37892e-02
2.51000e+00		1.58855e+01		5.79589e-02
2.53000e+00		1.62053e+01		5.74376e-02
2.55000e+00		1.65604e+01		5.69482e-02
2.57000e+00		1.70118e+01		6.05719e-02
2.59000e+00		1.72767e+01		5.97450e-02
2.61000e+00		1.75177e+01		5.85424e-02
2.63000e+00		1.78307e+01		6.29089e-02
2.65000e+00		1.78426e+01		5.82417e-02
2.67000e+00		1.78672e+01		5.88038e-02
2.69000e+00		1.78988e+01		6.04843e-02
2.71000e+00		1.77377e+01		6.04923e-02
2.73000e+00		1.75351e+01		6.17860e-02
2.75000e+00		1.72786e+01		6.12008e-02
2.77000e+00		1.71741e+01		5.88324e-02
2.79000e+00		1.70835e+01		5.71772e-02
2.81000e+00		1.69245e+01		5.80894e-02
2.83000e+00		1.68270e+01		5.78550e-02
2.85000e+00		1.68626e+01		5.81530e-02
2.87000e+00		1.68425e+01		5.83360e-02
2.89000e+00		1.70525e+01		5.94889e-02
2.91000e+00		1.72786e+01		5.83608e-02
2.93000e+00		1.75316e+01		5.95550e-02
2.95000e+00		1.76863e+01		6.07188e-02
2.97000e+00		1.80985e+01		6.01822e-02
2.99000e+00		1.84971e+01		5.97964e-02
3.01000e+00		1.90927e+01		6.45965e-02
3.03000e+00		1.93726e+01		6.07005e-02
3.05000e+00		1.98934e+01		6.40266e-02
3.07000e+00		2.02055e+01		6.27111e-02
3.09000e+00		2.05448e+01		6.35096e-02
3.11000e+00		2.06897e+01		6.57097e-02
3.13000e+00		2.08567e+01		6.43124e-02
3.15000e+00		2.09165e+01		6.65767e-02
3.17000e+00		2.09939e+01		6.46753e-02
3.19000e+00		2.09985e+01		6.23160e-02
3.21000e+00		2.07784e+01		6.23012e-02
3.23000e+00		2.05530e+01		6.43573e-02
3.25000e+00		2.04647e+01		6.23901e-02
3.27000e+00		2.03006e+01		6.34231e-02
3.29000e+00		2.01082e+01		6.01921e-02
3.31000e+00		1.99334e+01		6.44999e-02
3.33000e+00		1.99539e+01		6.50051e-02
3.35000e+00		1.99455e+01		6.23055e-02
3.37000e+00		2.00955e+01		6.35662e-02
3.39000e+00		2.02102e+01		6.40008e-02
3.41000e+00		2.03346e+01		6.42159e-02
3.43000e+00		2.04883e+01		6.46680e-02
3.45000e+00		2.09376e+01		6.43131e-02
3.47000e+00		2.13425e+01		6.33800e-02
3.49000e+00		2.17654e+01		6.49014e-02
3.51000e+00		2.22483e+01		6.57089e-02
3.53000e+00		2.26315e+01		7.07066e-02
3.55000e+00		2.30599e+01		6.78618e-02
3.57000e+00		2.32609e+01		6.69591e-02
3.59000e+00		2.36504e+01		6.86699e-02
3.61000e+00		2.39938e+01		6.70954e-02
3.63000e+00		2.40565e+01		7.07618e-02
3.65000e+00		2.42166e+01		6.89477e-02
3.67000e+00		2.40865e+01		6.82857e-02
3.69000e+00		2.39705e+01		6.77058e-02
3.71000e+00		2.37486e+01		6.63377e-02
3.73000e+00		2.37224e+01		7.03457e-02
3.75000e+00		2.35906e+01		6.95192e-02
3.77000e+00		2.35484e+01		6.62436e-02
3.79000e+00		2.33074e+01		7.10240e-02
3.81000e+00		2.31753e+01		6.69695e-02
3.83000e+00		2.29677e+01		7.00793e-02
3.85000e+00		2.29239e+01		6.70260e-02
3.87000e+00		2.30314e+01		6.78150e-02
3.89000e+00		2.33072e+01		6.69819e-02
3.91000e+00		2.33011e+01		6.93854e-02
3.93000e+00		2.36849e+01		6.90882e-02
3.95000e+00		2.41727e+01		7.01776e-02
3.97000e+00		2.43288e+01		6.93348e-02
3.99000e+00		2.48952e+01		7.14999e-02
4.01000e+00		2.53351e+01		6.92696e-02
4.03000e+00		2.57412e+01		7.04416e-02
4.05000e+00		2.60660e+01		7.34662e-02
4.07000e+00		2.64200e+01		7.24824e-02
4.09000e+00		2.67405e+01		7.13950e-02
4.11000e+00		2.71116e+01		7.42128e-02
4.13000e+00		2.73138e+01		6.91304e-02
4.15000e+00		2.71075e+01		7.26889e-02
4.17000e+00		2.70696e+01		7.56463e-02
4.19000e+00		2.71872e+01		7.33623e-02
4.21000e+00		2.71521e+01		7.51955e-02
4.23000e+00		2.68749e+01		7.37923e-02
4.25000e+00		2.67950e+01		7.22820e-02
4.27000e+00		2.65294e+01		7.22602e-02
4.29000e+00		2.64657e+01		7.11511e-02
4.31000e+00		2.62496e+01		7.26522e-02
4.33000e+00		2.62784e+01		7.22230e-02
4.35000e+00		2.61936e+01		7.12533e-02
4.37000e+00		2.63963e+01		7.14155e-02
4.39000e+00		2.64989e+01		7.51639e-02
4.41000e+00		2.67014e+01		7.34292e-02
4.43000e+00		2.68509e+01		7.08833e-02
4.45000e+00		2.71868e+01		7.19058e-02
4.47000e+00		2.75355e+01		7.41377e-02
4.49000e+00		2.78908e+01		7.50610e-02
4.51000e+00		2.82432e+01		7.44882e-02
4.53000e+00		2.86745e+01		7.44422e-02
4.55000e+00		2.90839e+01		7.61475e-02
4.57000e+00		2.95638e+01		7.52652e-02
4.59000e+00		2.97004e+01		7.88293e-02
4.61000e+00		3.01194e+01		7.93846e-02
4.63000e+00		3.03006e+01		7.96309e-02
4.65000e+00		3.02155e+01		7.80201e-02
4.67000e+00		3.05178e+01		7.51524e-02
4.69000e+00		3.02260e+01		7.81982e-02
4.71000e+00		3.01338e+01		7.81318e-02
4.73000e+00		3.00979e+01		7.84823e-02
4.75000e+00		2.97389e+01		7.89112e-02
4.77000e+00		2.96949e+01		8.07308e-02
4.79000e+00		2.94474e+01		7.75831e-02
4.81000e+00		2.92833e+01		7.49800e-02
4.83000e+00		2.92329e+01		7.48568e-02
4.85000e+00		2.94679e+01		7.36597e-02
4.87000e+00		2.94705e+01		7.47043e-02
4.89000e+00		2.96037e+01		7.61989e-02
4.91000e+00		2.97320e+01		7.71268e-02
4.93000e+00		2.99047e+01		7.20876e-02
4.95000e+00		3.03286e+01		8.01431e-02
4.97000e+00		3.08263e+01		7.72489e-02
4.99000e+00		3.11851e+01		7.76314e-02
5.01000e+00		3.10446e+01		7.97891e-02
