# r	g(r)	sigma(g)
1.00000e-02		0.00000e+00		0.00000e+00
3.00000e-02		2.04897e-04		2.04793e-04
5.00000e-02		0.00000e+00		0.00000e+00
7.00000e-02		4.09794e-04		2.89475e-04
9.00000e-02		8.19588e-04		4.08965e-04
1.10000e-01		1.22938e-03		5.00370e-04
1.30000e-01		4.91753e-03		9.91544e-04
1.50000e-01		7.17139e-03		1.22532e-03
1.70000e-01		1.18840e-02		1.56853e-03
1.90000e-01		1.90554e-02		1.96812e-03
2.10000e-01		2.62268e-02		2.22056e-03
2.30000e-01		5.01998e-02		3.21609e-03
2.50000e-01		6.67964e-02		3.63454e-03
2.70000e-01		1.07161e-01		4.70241e-03
2.90000e-01		1.43633e-01		5.49275e-03
3.10000e-01		2.01209e-01		6.31513e-03
3.30000e-01		2.75177e-01		7.21846e-03
3.50000e-01		3.77625e-01		8.69314e-03
3.70000e-01		5.03637e-01		9.82055e-03
3.90000e-01		6.59973e-01		1.11690e-02
4.10000e-01		8.70607e-01		1.33744e-02
4.30000e-01		1.15644e+00		1.52748e-02
4.50000e-01		1.51788e+00		1.68031e-02
4.70000e-01		1.91866e+00		1.94359e-02
4.90000e-01		2.35529e+00		2.12138e-02
5.10000e-01		2.84417e+00		2.39252e-02
5.30000e-01		3.43633e+00		2.56076e-02
5.50000e-01		4.00533e+00		2.76131e-02
5.70000e-01		4.54769e+00		2.98960e-02
5.90000e-01		5.00358e+00		3.09781e-02
6.10000e-01		5.37547e+00		3.24343e-02
6.30000e-01		5.60475e+00		3.39219e-02
6.50000e-01		5.78670e+00		3.26325e-02
6.70000e-01		5.72585e+00		3.43591e-02
6.90000e-01		5.60250e+00		3.27460e-02
7.10000e-01		5.29864e+00		3.30078e-02
7.30000e-01		5.15070e+00		3.22424e-02
7.50000e-01		4.74521e+00		3.10391e-02
7.70000e-01		4.63948e+00		3.16887e-02
7.90000e-01		4.36697e+00		2.93702e-02
8.10000e-01		4.16248e+00		2.94333e-02
8.30000e-01		4.07479e+00		2.86543e-02
8.50000e-01		4.06106e+00		2.82324e-02
8.70000e-01		4.09364e+00		2.91045e-02
8.90000e-01		4.14486e+00		2.95159e-02
9.10000e-01		4.39463e+00		2.95184e-02
9.30000e-01		4.69993e+00		2.96482e-02
9.50000e-01		4.99272e+00		3.08619e-02
9.70000e-01		5.34433e+00		3.28872e-02
9.90000e-01		5.88628e+00		3.38680e-02
1.01000e+00		6.29280e+00		3.57365e-02
1.03000e+00		6.74316e+00		3.70710e-02
1.05000e+00		7.23204e+00		3.68202e-02
1.07000e+00		7.70454e+00		4.14205e-02
1.09000e+00		8.15039e+00		4.14976e-02
1.11000e+00		8.42659e+00		4.21221e-02
1.13000e+00		8.58395e+00		4.14907e-02
1.15000e+00		8.63231e+00		4.08976e-02
1.17000e+00		8.65936e+00		4.18372e-02
1.19000e+00		8.59092e+00		4.16318e-02
1.21000e+00		8.49605e+00		4.17626e-02
1.23000e+00		8.16146e+00		3.86380e-02
1.25000e+00		8.03667e+00		3.94880e-02
1.27000e+00		7.76908e+00		4.11031e-02
1.29000e+00		7.58426e+00		3.82611e-02
1.31000e+00		7.38203e+00		3.84573e-02
1.33000e+00		7.24721e+00		3.82408e-02
1.35000e+00		7.21975e+00		3.75074e-02
1.37000e+00		7.34945e+00		3.88451e-02
1.39000e+00		7.37117e+00		3.94551e-02
1.41000e+00		7.55107e+00		3.83594e-02
1.43000e+00		7.79162e+00		3.87757e-02
1.45000e+00		8.22989e+00		4.12970e-02
1.47000e+00		8.57002e+00		4.10903e-02
1.49000e+00		9.05931e+00		4.04224e-02
1.51000e+00		9.54697e+00		4.30741e-02
1.53000e+00		9.91107e+00		4.50491e-02
1.55000e+00		1.04540e+01		4.58009e-02
1.57000e+00		1.08044e+01		4.62660e-02
1.59000e+00		1.11437e+01		4.73401e-02
1.61000e+00		1.13917e+01		4.77089e-02
1.63000e+00		1.17037e+01		4.77999e-02
1.65000e+00		1.17375e+01		4.94955e-02
1.67000e+00		1.16924e+01		4.78098e-02
1.69000e+00		1.16195e+01		4.70185e-02
1.71000e+00		1.15818e+01		4.70290e-02
1.73000e+00		1.13285e+01		4.84502e-02
1.75000e+00		1.11419e+01		4.53655e-02
1.77000e+00		1.09327e+01		4.72901e-02
1.79000e+00		1.07106e+01		4.72827e-02
1.81000e+00		1.05278e+01		4.61674e-02
1.83000e+00		1.03789e+01		4.47233e-02
1.85000e+00		1.04401e+01		4.72795e-02
1.87000e+00		1.04282e+01		4.47189e-02
1.89000e+00		1.06079e+01		4.70398e-02
1.91000e+00		1.08245e+01		4.78375e-02
1.93000e+00		1.10640e+01		4.62040e-02
1.95000e+00		1.13800e+01		4.73369e-02
1.97000e+00		1.17263e+01		4.85401e-02
1.99000e+00		1.21746e+01		4.84119e-02
2.01000e+00		1.26985e+01		5.11017e-02
2.03000e+00		1.30929e+01		5.03961e-02
2.05000e+00		1.36070e+01		5.16091e-02
2.07000e+00		1.39090e+01		5.47343e-02
2.09000e+00		1.42858e+01		5.40276e-02
2.11000e+00		1.46903e+01		5.38256e-02
2.13000e+00		1.46870e+01		5.52236e-02
2.15000e+00		1.47720e+01		5.74523e-02
2.17000e+00		1.48124e+01		5.36257e-02
2.19000e+00		1.48722e+01		5.43678e-02
2.21000e+00		1.46270e+01		5.29727e-02
2.23000e+00		1.43209e+01		5.37579e-02
2.25000e+00		1.42121e+01		5.29951e-02
2.27000e+00		1.40297e+01		5.08200e-02
2.29000e+00		1.36611e+01		5.43731e-02
2.31000e+00		1.37607e+01		5.24499e-02
2.33000e+00		1.36511e+01		5.14102e-02
2.35000e+00		1.35367e+01		5.18659e-02
2.37000e+00		1.36019e+01		5.39323e-02
2.39000e+00		1.37490e+01		5.28896e-02
2.41000e+00		1.39619e+01		4.99311e-02
2.43000e+00		1.42387e+01		5.12966e-02
2.45000e+00		1.45335e+01		5.19825e-02
2.47000e+00		1.49569e+01		5.39183e-02
2.49000e+00		1.54496e+01		5.52893e-02
2.51000e+00		1.57535e+01		5.58507e-02
2.53000e+00		1.63014e+01		5.64285e-02
2.55000e+00		1.66893e+01		5.60801e-02
2.57000e+00		1.72095e+01		5.83303e-02
2.59000e+00		1.74130e+01		5.78069e-02
2.61000e+00		1.77541e+01		6.07273e-02
2.63000e+00		1.78256e+01		6.20838e-02
2.65000e+00		1.80621e+01		5.85547e-02
2.67000e+00		1.78920e+01		6.08302e-02
2.69000e+00		1.79182e+01		5.94985e-02
2.71000e+00		1.76845e+01		6.07956e-02
2.73000e+00		1.76746e+01		6.03301e-02
2.75000e+00		1.73472e+01		5.87976e-02
2.77000e+00		1.71064e+01		5.89339e-02
2.79000e+00		1.68653e+01		5.76263e-02
2.81000e+00		1.66923e+01		5.93366e-02
2.83000e+00		1.66530e+01		5.67731e-02
2.85000e+00		1.66481e+01		5.76092e-02
2.87000e+00		1.67913e+01		6.00984e-02
2.89000e+00		1.68845e+01		6.13718e-02
2.91000e+00		1.69581e+01		5.77634e-02
2.93000e+00		1.73830e+01		5.98986e-02
2.95000e+00		1.76808e+01		5.73363e-02
2.97000e+00		1.80785e+01		5.89445e-02
2.99000e+00		1.85311e+01		5.91186e-02
3.01000e+00		1.89860e+01		6.12338e-02
3.03000e+00		1.93726e+01		6.28835e-02
3.05000e+00		1.99283e+01		6.53746e-02
3.07000e+00		2.02827e+01		6.33380e-02
3.09000e+00		2.06053e+01		6.14490e-02
3.11000e+00		2.09794e+01		6.72767e-02
3.13000e+00		2.10368e+01		6.58689e-02
3.15000e+00		2.10950e+01		6.30044e-02
3.17000e+00		2.11345e+01		6.62257e-02
3.19000e+00		2.10056e+01		6.22538e-02
3.21000e+00		2.09312e+01		6.39326e-02
3.23000e+00		2.06094e+01		6.39763e-02
3.25000e+00		2.05233e+01		6.27913e-02
3.27000e+00		2.02637e+01		6.13359e-02
3.29000e+00		2.01342e+01		6.50396e-02
3.31000e+00		1.98459e+01		6.42330e-02
3.33000e+00		1.99486e+01		6.65044e-02
3.35000e+00		1.97148e+01		6.22611e-02
3.37000e+00		1.98635e+01		6.16710e-02
3.39000e+00		2.00865e+01		6.24736e-02
3.41000e+00		2.02047e+01		6.52681e-02
3.43000e+00		2.05409e+01		6.43917e-02
3.45000e+00		2.08347e+01		6.75002e-02
3.47000e+00		2.11841e+01		6.37329e-02
3.49000e+00		2.17154e+01		6.64490e-02
3.51000e+00		2.22180e+01		6.77650e-02
3.53000e+00		2.25284e+01		6.22409e-02
3.55000e+00		2.31068e+01		6.47466e-02
3.57000e+00		2.33931e+01		6.74060e-02
3.59000e+00		2.36853e+01		6.94285e-02
3.61000e+00		2.39750e+01		6.64459e-02
3.63000e+00		2.41178e+01		6.82206e-02
3.65000e+00		2.42950e+01		6.93580e-02
3.67000e+00		2.41953e+01		6.85516e-02
3.69000e+00		2.41895e+01		6.74162e-02
3.71000e+00		2.39150e+01		6.99609e-02
3.73000e+00		2.38496e+01		6.80906e-02
3.75000e+00		2.36326e+01		6.75730e-02
3.77000e+00		2.33251e+01		6.93956e-02
3.79000e+00		2.30741e+01		7.15461e-02
3.81000e+00		2.31939e+01		6.68437e-02
3.83000e+00		2.30257e+01		6.62693e-02
3.85000e+00		2.30056e+01		6.72231e-02
3.87000e+00		2.30603e+01		6.86623e-02
3.89000e+00		2.30786e+01		6.55631e-02
3.91000e+00		2.33796e+01		7.02342e-02
3.93000e+00		2.36554e+01		6.85159e-02
3.95000e+00		2.39768e+01		6.90867e-02
3.97000e+00		2.43567e+01		7.14170e-02
3.99000e+00		2.48888e+01		7.02833e-02
4.01000e+00		2.53812e+01		7.13711e-02
4.03000e+00		2.58447e+01		7.14915e-02
4.05000e+00		2.62235e+01		6.98041e-02
4.07000e+00		2.66128e+01		7.31169e-02
4.09000e+00		2.68933e+01		7.45671e-02
4.11000e+00		2.71554e+01		7.28164e-02
4.13000e+00		2.72613e+01		7.33194e-02
4.15000e+00		2.72847e+01		7.73305e-02
4.17000e+00		2.73162e+01		7.30569e-02
4.19000e+00		2.73058e+01		7.49489e-02
4.21000e+00		2.69501e+01		7.47231e-02
4.23000e+00		2.69235e+01		7.45725e-02
4.25000e+00		2.68220e+01		7.35320e-02
4.27000e+00		2.64602e+01		7.13378e-02
4.29000e+00		2.64583e+01		6.98014e-02
4.31000e+00		2.61752e+01		7.55891e-02
4.33000e+00		2.61864e+01		7.27399e-02
4.35000e+00		2.61385e+01		7.23512e-02
4.37000e+00		2.61696e+01		6.91250e-02
4.39000e+00		2.62391e+01		7.19245e-02
4.41000e+00		2.65141e+01		7.27815e-02
4.43000e+00		2.68335e+01		7.21922e-02
4.45000e+00		2.71376e+01		7.64527e-02
4.47000e+00		2.75367e+01		7.55749e-02
4.49000e+00		2.79774e+01		7.44766e-02
4.51000e+00		2.83858e+01		7.54346e-02
4.53000e+00		2.88302e+01		7.50801e-02
4.55000e+00		2.93126e+01		7.87272e-02
4.57000e+00		2.96724e+01		7.49444e-02
4.59000e+00		2.99301e+01		7.47043e-02
4.61000e+00		3.01252e+01		7.60533e-02
4.63000e+00		3.02539e+01		7.71124e-02
4.65000e+00		3.04747e+01		7.67496e-02
4.67000e+00		3.05647e+01		7.66480e-02
4.69000e+00		3.03459e+01		7.68448e-02
4.71000e+00		3.03938e+01		7.79805e-02
4.73000e+00		3.00506e+01		7.80412e-02
4.75000e+00		2.99385e+01		7.95558e-02
4.77000e+00		2.96992e+01		7.94080e-02
4.79000e+00		2.94074e+01		7.73133e-02
4.81000e+00		2.93312e+01		7.40107e-02
4.83000e+00		2.91949e+01		7.68411e-02
4.85000e+00		2.93355e+01		7.50683e-02
4.87000e+00		2.95355e+01		7.39944e-02
4.89000e+00		2.93992e+01		7.56207e-02
4.91000e+00		2.95289e+01		7.83946e-02
4.93000e+00		2.99801e+01		7.37626e-02
4.95000e+00		3.02149e+01		7.70788e-02
4.97000e+00		3.06952e+01		7.75918e-02
4.99000e+00		3.10945e+01		7.81068e-02
5.01000e+00		3.11062e+01		8.21357e-02
