# r	g(r)	sigma(g)
1.00000e-02		0.00000e+00		0.00000e+00
3.00000e-02		2.04897e-04		2.04793e-04
5.00000e-02		0.00000e+00		0.00000e+00
7.00000e-02		2.04897e-04		2.04793e-04
9.00000e-02		1.63918e-03		5.77190e-04
1.10000e-01		2.66366e-03		7.89034e-04
1.30000e-01		4.50773e-03		9.50314e-04
1.50000e-01		8.19588e-03		1.26943e-03
1.70000e-01		1.22938e-02		1.61808e-03
1.90000e-01		2.19240e-02		2.12378e-03
2.10000e-01		3.13492e-02		2.55386e-03
2.30000e-01		5.28634e-02		3.15278e-03
2.50000e-01		7.25335e-02		3.81911e-03
2.70000e-01		9.85554e-02		4.50448e-03
2.90000e-01		1.55517e-01		5.53260e-03
3.10000e-01		1.94242e-01		6.53817e-03
3.30000e-01		2.90339e-01		7.65237e-03
3.50000e-01		3.91148e-01		9.15848e-03
3.70000e-01		5.47075e-01		1.05060e-02
3.90000e-01		6.76775e-01		1.20924e-02
4.10000e-01		8.95195e-01		1.37968e-02
4.30000e-01		1.18267e+00		1.52335e-02
4.50000e-01		1.51132e+00		1.76415e-02
4.70000e-01		1.88259e+00		1.92363e-02
4.90000e-01		2.37312e+00		2.16942e-02
5.10000e-01		2.86692e+00		2.34787e-02
5.30000e-01		3.46583e+00		2.50492e-02
5.50000e-01		3.98156e+00		2.75319e-02
5.70000e-01		4.47577e+00		2.97812e-02
5.90000e-01		4.98883e+00		3.03377e-02
6.10000e-01		5.37609e+00		3.32549e-02
6.30000e-01		5.55824e+00		3.33786e-02
6.50000e-01		5.67708e+00		3.31812e-02
6.70000e-01		5.68343e+00		3.33408e-02
6.90000e-01		5.57176e+00		3.34519e-02
7.10000e-01		5.33039e+00		3.21647e-02
7.30000e-01		5.12181e+00		3.17976e-02
7.50000e-01		4.82123e+00		3.09310e-02
7.70000e-01		4.59440e+00		3.03741e-02
7.90000e-01		4.40487e+00		2.95689e-02
8.10000e-01		4.20571e+00		2.79093e-02
8.30000e-01		4.14343e+00		2.94568e-02
8.50000e-01		4.03483e+00		2.82581e-02
8.70000e-01		4.09056e+00		2.87286e-02
8.90000e-01		4.14302e+00		2.87862e-02
9.10000e-01		4.36512e+00		2.99396e-02
9.30000e-01		4.57617e+00		3.06634e-02
9.50000e-01		4.94785e+00		3.16948e-02
9.70000e-01		5.37711e+00		3.16322e-02
9.90000e-01		5.81661e+00		3.43905e-02
1.01000e+00		6.33377e+00		3.65810e-02
1.03000e+00		6.80606e+00		3.52284e-02
1.05000e+00		7.21770e+00		3.86766e-02
1.07000e+00		7.77236e+00		3.95350e-02
1.09000e+00		8.16494e+00		4.12196e-02
1.11000e+00		8.34730e+00		4.05409e-02
1.13000e+00		8.52843e+00		4.22739e-02
1.15000e+00		8.73148e+00		4.18181e-02
1.17000e+00		8.71755e+00		4.21059e-02
1.19000e+00		8.55363e+00		4.11726e-02
1.21000e+00		8.44175e+00		3.99471e-02
1.23000e+00		8.24075e+00		4.03111e-02
1.25000e+00		8.01762e+00		3.89988e-02
1.27000e+00		7.73343e+00		4.12987e-02
1.29000e+00		7.53222e+00		3.95253e-02
1.31000e+00		7.39166e+00		3.83874e-02
1.33000e+00		7.24290e+00		3.72819e-02
1.35000e+00		7.17672e+00		4.02158e-02
1.37000e+00		7.30663e+00		3.80775e-02
1.39000e+00		7.33818e+00		3.77386e-02
1.41000e+00		7.63303e+00		3.82323e-02
1.43000e+00		7.77891e+00		3.81597e-02
1.45000e+00		8.13441e+00		4.00352e-02
1.47000e+00		8.57412e+00		4.23094e-02
1.49000e+00		8.95871e+00		4.15058e-02
1.51000e+00		9.49288e+00		4.30077e-02
1.53000e+00		1.00092e+01		4.39786e-02
1.55000e+00		1.03700e+01		4.51537e-02
1.57000e+00		1.08126e+01		4.60674e-02
1.59000e+00		1.11599e+01		4.67002e-02
1.61000e+00		1.15273e+01		4.66947e-02
1.63000e+00		1.16091e+01		4.80025e-02
1.65000e+00		1.18115e+01		5.02187e-02
1.67000e+00		1.17301e+01		4.64856e-02
1.69000e+00		1.17092e+01		4.90024e-02
1.71000e+00		1.15675e+01		4.73238e-02
1.73000e+00		1.12542e+01		4.63254e-02
1.75000e+00		1.11097e+01		4.66743e-02
1.77000e+00		1.08302e+01		4.66390e-02
1.79000e+00		1.06954e+01		4.78270e-02
1.81000e+00		1.04993e+01		4.66575e-02
1.83000e+00		1.04639e+01		4.58312e-02
1.85000e+00		1.04450e+01		4.68356e-02
1.87000e+00		1.04790e+01		4.48066e-02
1.89000e+00		1.04958e+01		4.62102e-02
1.91000e+00		1.06864e+01		4.73790e-02
1.93000e+00		1.09985e+01		4.52929e-02
1.95000e+00		1.13331e+01		4.80771e-02
1.97000e+00		1.17490e+01		4.70589e-02
1.99000e+00		1.21598e+01		4.89172e-02
2.01000e+00		1.27245e+01		5.06653e-02
2.03000e+00		1.30380e+01		4.92960e-02
2.05000e+00		1.35670e+01		5.23480e-02
2.07000e+00		1.39410e+01		5.23153e-02
2.09000e+00		1.42367e+01		5.31488e-02
2.11000e+00		1.45303e+01		5.30238e-02
2.13000e+00		1.47280e+01		5.42317e-02
2.15000e+00		1.46882e+01		5.29124e-02
2.17000e+00		1.47704e+01		5.39269e-02
2.19000e+00		1.47009e+01		5.11680e-02
2.21000e+00		1.45989e+01		5.07132e-02
2.23000e+00		1.43504e+01		5.31755e-02
2.25000e+00		1.41662e+01		5.42963e-02
2.27000e+00		1.40983e+01		5.16931e-02
2.29000e+00		1.37668e+01		5.09389e-02
2.31000e+00		1.37199e+01		5.23282e-02
2.33000e+00		1.37150e+01		5.19110e-02
2.35000e+00		1.36955e+01		5.15825e-02
2.37000e+00		1.36890e+01		5.21016e-02
2.39000e+00		1.39045e+01		5.32091e-02
2.41000e+00		1.39783e+01		5.27008e-02
2.43000e+00		1.43393e+01		5.22161e-02
2.45000e+00		1.45159e+01		5.54752e-02
2.47000e+00		1.49011e+01		5.41036e-02
2.49000e+00		1.53792e+01		5.78726e-02
2.51000e+00		1.58697e+01		5.59138e-02
2.53000e+00		1.62463e+01		5.55735e-02
2.55000e+00		1.65956e+01		5.59719e-02
2.57000e+00		1.69679e+01		5.77321e-02
2.59000e+00		1.74140e+01		5.99281e-02
2.61000e+00		1.75236e+01		5.63348e-02
2.63000e+00		1.79018e+01		5.91080e-02
2.65000e+00		1.79316e+01		6.21366e-02
2.67000e+00		1.77926e+01		6.06239e-02
2.69000e+00		1.77541e+01		5.93448e-02
2.71000e+00		1.76545e+01		5.91616e-02
2.73000e+00		1.75488e+01		6.09200e-02
2.75000e+00		1.73193e+01		5.79874e-02
2.77000e+00		1.71343e+01		5.85599e-02
2.79000e+00		1.69675e+01		5.63874e-02
2.81000e+00		1.68026e+01		5.73585e-02
2.83000e+00		1.67165e+01		5.58070e-02
2.85000e+00		1.67938e+01		5.75306e-02
2.87000e+00		1.68124e+01		5.87776e-02
2.89000e+00		1.69454e+01		5.87765e-02
2.91000e+00		1.71657e+01		5.74664e-02
2.93000e+00		1.74302e+01		5.81340e-02
2.95000e+00		1.77779e+01		5.73630e-02
2.97000e+00		1.82410e+01		5.98135e-02
2.99000e+00		1.84362e+01		5.98739e-02
3.01000e+00		1.89542e+01		6.07062e-02
3.03000e+00		1.94578e+01		6.22914e-02
3.05000e+00		1.96853e+01		6.28049e-02
3.07000e+00		2.02287e+01		6.32791e-02
3.09000e+00		2.05294e+01		6.43363e-02
3.11000e+00		2.08815e+01		6.34534e-02
3.13000e+00		2.09339e+01		6.49218e-02
3.15000e+00		2.10144e+01		6.28323e-02
3.17000e+00		2.09646e+01		6.48724e-02
3.19000e+00		2.09118e+01		6.45870e-02
3.21000e+00		2.07130e+01		6.52505e-02
3.23000e+00		2.06378e+01		6.29905e-02
3.25000e+00		2.03354e+01		6.43479e-02
3.27000e+00		2.02133e+01		6.18477e-02
3.29000e+00		2.00981e+01		6.34932e-02
3.31000e+00		1.99766e+01		6.44104e-02
3.33000e+00		1.99164e+01		6.28812e-02
3.35000e+00		1.99668e+01		6.03966e-02
3.37000e+00		1.98824e+01		6.36751e-02
3.39000e+00		2.01313e+01		6.36489e-02
3.41000e+00		2.02692e+01		6.56100e-02
3.43000e+00		2.05803e+01		6.56239e-02
3.45000e+00		2.09903e+01		6.45946e-02
3.47000e+00		2.13988e+01		6.25239e-02
3.49000e+00		2.16427e+01		6.58744e-02
3.51000e+00		2.21254e+01		6.16388e-02
3.53000e+00		2.26202e+01		6.89743e-02
3.55000e+00		2.30407e+01		6.94749e-02
3.57000e+00		2.33933e+01		6.73488e-02
3.59000e+00		2.36392e+01		6.86708e-02
3.61000e+00		2.39338e+01		7.14221e-02
3.63000e+00		2.40231e+01		7.01450e-02
3.65000e+00		2.42940e+01		6.95776e-02
3.67000e+00		2.41627e+01		7.07498e-02
3.69000e+00		2.39479e+01		7.17352e-02
3.71000e+00		2.39678e+01		7.06710e-02
3.73000e+00		2.37691e+01		6.68756e-02
3.75000e+00		2.35384e+01		7.00368e-02
3.77000e+00		2.34093e+01		6.75732e-02
3.79000e+00		2.33003e+01		6.91378e-02
3.81000e+00		2.31968e+01		6.80507e-02
3.83000e+00		2.31101e+01		6.74749e-02
3.85000e+00		2.30771e+01		6.59366e-02
3.87000e+00		2.30587e+01		6.67918e-02
3.89000e+00		2.30161e+01		6.72856e-02
3.91000e+00		2.33646e+01		6.94047e-02
3.93000e+00		2.36976e+01		6.98309e-02
3.95000e+00		2.40447e+01		6.95716e-02
3.97000e+00		2.44555e+01		7.06915e-02
3.99000e+00		2.49755e+01		7.14787e-02
4.01000e+00		2.54539e+01		7.15085e-02
4.03000e+00		2.57846e+01		7.12745e-02
4.05000e+00		2.62311e+01		7.28089e-02
4.07000e+00		2.66294e+01		7.51155e-02
4.09000e+00		2.68161e+01		7.55270e-02
4.11000e+00		2.69337e+01		7.08313e-02
4.13000e+00		2.70341e+01		7.19128e-02
4.15000e+00		2.73156e+01		7.51265e-02
4.17000e+00		2.73470e+01		7.31661e-02
4.19000e+00		2.71538e+01		7.19183e-02
4.21000e+00		2.70249e+01		7.29398e-02
4.23000e+00		2.69347e+01		7.36451e-02
4.25000e+00		2.68835e+01		7.26725e-02
4.27000e+00		2.65694e+01		7.36472e-02
4.29000e+00		2.64081e+01		7.74804e-02
4.31000e+00		2.63243e+01		6.94451e-02
4.33000e+00		2.63057e+01		7.11021e-02
4.35000e+00		2.60387e+01		7.24500e-02
4.37000e+00		2.62870e+01		6.83526e-02
4.39000e+00		2.63338e+01		7.15187e-02
4.41000e+00		2.65872e+01		7.32736e-02
4.43000e+00		2.68571e+01		7.44201e-02
4.45000e+00		2.72267e+01		7.35763e-02
4.47000e+00		2.75849e+01		7.32420e-02
4.49000e+00		2.80350e+01		7.47491e-02
4.51000e+00		2.84213e+01		7.72795e-02
4.53000e+00		2.90099e+01		7.76321e-02
4.55000e+00		2.91974e+01		7.95887e-02
4.57000e+00		2.96570e+01		7.93494e-02
4.59000e+00		2.97906e+01		7.45915e-02
4.61000e+00		3.02223e+01		8.19024e-02
4.63000e+00		3.02243e+01		7.84651e-02
4.65000e+00		3.04147e+01		7.69282e-02
4.67000e+00		3.03399e+01		7.68789e-02
4.69000e+00		3.03026e+01		7.71612e-02
4.71000e+00		3.00047e+01		7.49002e-02
4.73000e+00		3.00320e+01		7.69552e-02
4.75000e+00		2.99684e+01		8.03152e-02
4.77000e+00		2.96767e+01		7.78894e-02
4.79000e+00		2.96906e+01		7.31326e-02
4.81000e+00		2.95691e+01		7.65283e-02
4.83000e+00		2.93587e+01		7.79589e-02
4.85000e+00		2.95070e+01		7.87988e-02
4.87000e+00		2.92962e+01		7.74602e-02
4.89000e+00		2.95203e+01		7.59056e-02
4.91000e+00		2.98752e+01		7.97228e-02
4.93000e+00		3.01106e+01		7.67841e-02
4.95000e+00		3.03059e+01		7.78867e-02
4.97000e+00		3.08091e+01		7.47103e-02
4.99000e+00		3.12044e+01		7.49998e-02
5.01000e+00		3.09281e+01		7.99526e-02
