# r	g(r)	sigma(g)
1.00000e-02		0.00000e+00		0.00000e+00
3.00000e-02		2.04897e-04		2.04793e-04
5.00000e-02		2.04897e-04		2.04793e-04
7.00000e-02		8.19588e-04		4.08965e-04
9.00000e-02		1.84407e-03		6.11890e-04
1.10000e-01		2.25387e-03		6.75780e-04
1.30000e-01		4.50773e-03		9.50314e-04
1.50000e-01		8.81057e-03		1.37651e-03
1.70000e-01		1.45477e-02		1.73750e-03
1.90000e-01		1.98750e-02		2.02315e-03
2.10000e-01		3.01199e-02		2.56876e-03
2.30000e-01		5.08144e-02		3.31575e-03
2.50000e-01		7.27384e-02		3.76532e-03
2.70000e-01		9.32281e-02		4.30715e-03
2.90000e-01		1.40354e-01		5.26005e-03
3.10000e-01		1.91988e-01		6.26919e-03
3.30000e-01		2.81938e-01		7.75231e-03
3.50000e-01		3.80494e-01		8.65849e-03
3.70000e-01		5.19824e-01		1.02931e-02
3.90000e-01		6.80258e-01		1.15694e-02
4.10000e-01		8.97858e-01		1.34455e-02
4.30000e-01		1.18451e+00		1.56253e-02
4.50000e-01		1.48878e+00		1.65903e-02
4.70000e-01		1.88485e+00		1.99484e-02
4.90000e-01		2.34914e+00		2.09767e-02
5.10000e-01		2.88925e+00		2.37507e-02
5.30000e-01		3.44063e+00		2.61744e-02
5.50000e-01		4.01782e+00		2.75037e-02
5.70000e-01		4.51060e+00		2.89527e-02
5.90000e-01		5.04887e+00		3.15015e-02
6.10000e-01		5.39002e+00		3.25744e-02
6.30000e-01		5.61991e+00		3.25805e-02
6.50000e-01		5.77031e+00		3.41021e-02
6.70000e-01		5.69859e+00		3.26921e-02
6.90000e-01		5.52976e+00		3.34182e-02
7.10000e-01		5.37752e+00		3.26136e-02
7.30000e-01		5.09169e+00		3.15261e-02
7.50000e-01		4.84827e+00		3.09118e-02
7.70000e-01		4.67206e+00		3.13318e-02
7.90000e-01		4.35324e+00		2.97954e-02
8.10000e-01		4.22170e+00		2.99381e-02
8.30000e-01		4.07561e+00		2.81811e-02
8.50000e-01		4.08626e+00		2.85523e-02
8.70000e-01		4.09036e+00		2.80014e-02
8.90000e-01		4.15572e+00		2.84618e-02
9.10000e-01		4.45077e+00		2.96022e-02
9.30000e-01		4.59481e+00		3.06516e-02
9.50000e-01		4.94929e+00		3.31410e-02
9.70000e-01		5.39125e+00		3.24860e-02
9.90000e-01		5.76887e+00		3.36093e-02
1.01000e+00		6.20407e+00		3.47277e-02
1.03000e+00		6.73701e+00		3.68550e-02
1.05000e+00		7.26278e+00		3.81428e-02
1.07000e+00		7.71642e+00		3.82573e-02
1.09000e+00		8.07437e+00		3.94805e-02
1.11000e+00		8.36492e+00		4.19600e-02
1.13000e+00		8.65956e+00		4.10673e-02
1.15000e+00		8.58682e+00		4.11651e-02
1.17000e+00		8.65874e+00		4.09350e-02
1.19000e+00		8.58621e+00		4.11115e-02
1.21000e+00		8.40590e+00		4.19873e-02
1.23000e+00		8.23563e+00		4.02077e-02
1.25000e+00		7.96680e+00		4.05050e-02
1.27000e+00		7.74777e+00		3.96132e-02
1.29000e+00		7.62811e+00		3.77448e-02
1.31000e+00		7.44411e+00		3.88747e-02
1.33000e+00		7.24167e+00		3.84748e-02
1.35000e+00		7.25520e+00		3.74458e-02
1.37000e+00		7.24987e+00		3.86817e-02
1.39000e+00		7.43673e+00		3.66781e-02
1.41000e+00		7.61622e+00		3.90141e-02
1.43000e+00		7.83137e+00		4.02685e-02
1.45000e+00		8.21084e+00		4.08403e-02
1.47000e+00		8.51511e+00		4.13646e-02
1.49000e+00		9.11361e+00		4.49887e-02
1.51000e+00		9.50046e+00		4.32707e-02
1.53000e+00		1.00172e+01		4.46224e-02
1.55000e+00		1.04522e+01		4.64700e-02
1.57000e+00		1.07841e+01		4.62375e-02
1.59000e+00		1.11343e+01		4.73720e-02
1.61000e+00		1.14978e+01		4.64772e-02
1.63000e+00		1.16390e+01		4.70473e-02
1.65000e+00		1.16933e+01		4.81663e-02
1.67000e+00		1.17738e+01		4.82271e-02
1.69000e+00		1.16869e+01		4.73363e-02
1.71000e+00		1.15949e+01		4.57923e-02
1.73000e+00		1.12443e+01		4.66459e-02
1.75000e+00		1.10929e+01		4.69779e-02
1.77000e+00		1.08483e+01		4.69626e-02
1.79000e+00		1.06108e+01		4.54795e-02
1.81000e+00		1.05825e+01		4.72337e-02
1.83000e+00		1.04891e+01		4.57559e-02
1.85000e+00		1.04018e+01		4.54156e-02
1.87000e+00		1.04502e+01		4.66811e-02
1.89000e+00		1.05104e+01		4.49560e-02
1.91000e+00		1.07255e+01		4.49983e-02
1.93000e+00		1.09960e+01		4.82719e-02
1.95000e+00		1.13619e+01		4.73608e-02
1.97000e+00		1.18351e+01		5.08143e-02
1.99000e+00		1.21998e+01		5.00464e-02
2.01000e+00		1.25907e+01		4.92802e-02
2.03000e+00		1.31396e+01		5.12235e-02
2.05000e+00		1.35890e+01		5.11705e-02
2.07000e+00		1.39559e+01		5.24017e-02
2.09000e+00		1.42412e+01		5.39863e-02
2.11000e+00		1.45094e+01		5.45806e-02
2.13000e+00		1.46534e+01		5.40888e-02
2.15000e+00		1.47110e+01		5.30746e-02
2.17000e+00		1.48579e+01		5.53775e-02
2.19000e+00		1.48048e+01		5.29423e-02
2.21000e+00		1.46280e+01		5.24758e-02
2.23000e+00		1.43723e+01		5.33695e-02
2.25000e+00		1.42512e+01		5.27228e-02
2.27000e+00		1.40229e+01		5.33347e-02
2.29000e+00		1.38445e+01		5.08697e-02
2.31000e+00		1.37928e+01		5.33362e-02
2.33000e+00		1.36381e+01		5.27295e-02
2.35000e+00		1.35675e+01		5.25803e-02
2.37000e+00		1.36113e+01		5.25200e-02
2.39000e+00		1.37027e+01		5.31007e-02
2.41000e+00		1.38809e+01		5.30674e-02
2.43000e+00		1.41953e+01		5.40422e-02
2.45000e+00		1.45766e+01		5.22626e-02
2.47000e+00		1.50095e+01		5.53935e-02
2.49000e+00		1.54044e+01		5.78497e-02
2.51000e+00		1.57693e+01		5.44250e-02
2.53000e+00		1.62989e+01		5.37968e-02
2.55000e+00		1.66694e+01		5.80296e-02
2.57000e+00		1.70941e+01		6.04371e-02
2.59000e+00		1.74269e+01		5.85138e-02
2.61000e+00		1.76695e+01		6.07618e-02
2.63000e+00		1.78465e+01		5.89838e-02
2.65000e+00		1.78814e+01		6.10900e-02
2.67000e+00		1.78260e+01		5.82526e-02
2.69000e+00		1.78555e+01		6.02486e-02
2.71000e+00		1.76883e+01		5.56952e-02
2.73000e+00		1.75531e+01		6.07320e-02
2.75000e+00		1.74580e+01		5.84886e-02
2.77000e+00		1.70218e+01		5.81646e-02
2.79000e+00		1.68138e+01		5.94801e-02
2.81000e+00		1.68290e+01		6.03263e-02
2.83000e+00		1.67630e+01		5.97711e-02
2.85000e+00		1.67907e+01		5.72256e-02
2.87000e+00		1.67124e+01		5.88854e-02
2.89000e+00		1.69868e+01		5.51785e-02
2.91000e+00		1.71087e+01		5.69293e-02
2.93000e+00		1.73837e+01		6.08619e-02
2.95000e+00		1.77625e+01		6.08890e-02
2.97000e+00		1.81606e+01		6.09584e-02
2.99000e+00		1.84631e+01		6.00508e-02
3.01000e+00		1.90136e+01		6.25522e-02
3.03000e+00		1.94822e+01		6.00411e-02
3.05000e+00		1.97191e+01		6.19497e-02
3.07000e+00		2.02186e+01		6.56143e-02
3.09000e+00		2.05104e+01		6.58471e-02
3.11000e+00		2.08210e+01		6.54533e-02
3.13000e+00		2.10884e+01		6.18791e-02
3.15000e+00		2.10960e+01		6.73070e-02
3.17000e+00		2.10595e+01		6.48280e-02
3.19000e+00		2.09780e+01		6.33767e-02
3.21000e+00		2.08659e+01		6.48252e-02
3.23000e+00		2.06624e+01		6.48051e-02
3.25000e+00		2.04739e+01		6.33547e-02
3.27000e+00		2.01547e+01		6.40596e-02
3.29000e+00		2.00334e+01		6.39791e-02
3.31000e+00		1.99736e+01		6.31237e-02
3.33000e+00		1.99883e+01		6.25255e-02
3.35000e+00		1.98316e+01		6.31427e-02
3.37000e+00		1.99160e+01		6.32223e-02
3.39000e+00		1.99820e+01		6.30861e-02
3.41000e+00		2.02485e+01		6.28274e-02
3.43000e+00		2.05417e+01		6.53167e-02
3.45000e+00		2.08722e+01		6.37734e-02
3.47000e+00		2.13283e+01		6.58534e-02
3.49000e+00		2.17172e+01		6.54585e-02
3.51000e+00		2.21430e+01		6.49370e-02
3.53000e+00		2.25194e+01		6.78292e-02
3.55000e+00		2.30007e+01		6.70026e-02
3.57000e+00		2.34511e+01		6.71774e-02
3.59000e+00		2.36918e+01		7.00145e-02
3.61000e+00		2.39391e+01		6.85443e-02
3.63000e+00		2.42596e+01		6.98319e-02
3.65000e+00		2.42018e+01		7.05934e-02
3.67000e+00		2.43053e+01		6.95890e-02
3.69000e+00		2.42057e+01		7.25852e-02
3.71000e+00		2.39137e+01		6.83899e-02
3.73000e+00		2.37752e+01		7.04221e-02
3.75000e+00		2.36148e+01		6.98252e-02
3.77000e+00		2.32347e+01		6.83084e-02
3.79000e+00		2.31708e+01		6.73148e-02
3.81000e+00		2.31630e+01		6.88806e-02
3.83000e+00		2.30435e+01		6.84674e-02
3.85000e+00		2.29966e+01		6.89205e-02
3.87000e+00		2.30880e+01		6.58656e-02
3.89000e+00		2.31618e+01		6.77927e-02
3.91000e+00		2.33111e+01		7.05124e-02
3.93000e+00		2.36844e+01		6.85523e-02
3.95000e+00		2.40361e+01		6.95822e-02
3.97000e+00		2.43895e+01		7.08399e-02
3.99000e+00		2.48743e+01		7.04750e-02
4.01000e+00		2.53804e+01		7.21780e-02
4.03000e+00		2.57094e+01		6.99222e-02
4.05000e+00		2.61125e+01		7.13717e-02
4.07000e+00		2.65481e+01		7.42245e-02
4.09000e+00		2.68276e+01		7.46781e-02
4.11000e+00		2.70015e+01		7.23297e-02
4.13000e+00		2.71925e+01		7.28829e-02
4.15000e+00		2.74041e+01		7.18013e-02
4.17000e+00		2.72105e+01		7.28330e-02
4.19000e+00		2.72398e+01		7.47491e-02
4.21000e+00		2.71665e+01		7.22408e-02
4.23000e+00		2.68304e+01		7.34985e-02
4.25000e+00		2.67675e+01		7.34050e-02
4.27000e+00		2.66065e+01		7.53007e-02
4.29000e+00		2.64077e+01		7.36516e-02
4.31000e+00		2.63313e+01		7.32029e-02
4.33000e+00		2.62946e+01		7.10208e-02
4.35000e+00		2.62153e+01		6.88462e-02
4.37000e+00		2.61278e+01		7.23705e-02
4.39000e+00		2.63051e+01		7.56372e-02
4.41000e+00		2.64516e+01		7.24675e-02
4.43000e+00		2.68448e+01		7.56550e-02
4.45000e+00		2.71781e+01		7.35334e-02
4.47000e+00		2.76699e+01		7.58459e-02
4.49000e+00		2.80104e+01		7.39771e-02
4.51000e+00		2.83805e+01		7.47267e-02
4.53000e+00		2.89013e+01		7.52150e-02
4.55000e+00		2.91859e+01		7.52583e-02
4.57000e+00		2.96992e+01		7.44398e-02
4.59000e+00		3.00303e+01		7.59754e-02
4.61000e+00		3.02237e+01		7.49153e-02
4.63000e+00		3.03207e+01		7.71352e-02
4.65000e+00		3.04460e+01		7.77495e-02
4.67000e+00		3.04460e+01		7.52219e-02
4.69000e+00		3.03282e+01		7.74720e-02
4.71000e+00		3.02096e+01		7.57761e-02
4.73000e+00		3.00399e+01		7.85105e-02
4.75000e+00		2.98773e+01		7.99963e-02
4.77000e+00		2.96209e+01		7.55657e-02
4.79000e+00		2.95127e+01		7.92989e-02
4.81000e+00		2.95359e+01		7.60359e-02
4.83000e+00		2.93855e+01		7.81262e-02
4.85000e+00		2.92681e+01		7.83548e-02
4.87000e+00		2.93503e+01		7.83632e-02
4.89000e+00		2.94882e+01		7.44323e-02
4.91000e+00		2.97572e+01		7.99295e-02
4.93000e+00		2.99582e+01		7.65543e-02
4.95000e+00		3.03286e+01		7.79129e-02
4.97000e+00		3.07561e+01		7.93549e-02
4.99000e+00		3.11841e+01		7.71519e-02
5.01000e+00		3.10360e+01		7.95380e-02
