# r	g(r)	sigma(g)
1.00000e-02		0.00000e+00		0.00000e+00
3.00000e-02		2.04897e-04		2.04793e-04
5.00000e-02		0.00000e+00		0.00000e+00
7.00000e-02		0.00000e+00		0.00000e+00
9.00000e-02		6.14691e-04		3.54354e-04
1.10000e-01		2.25387e-03		6.75780e-04
1.30000e-01		4.30284e-03		9.28944e-04
1.50000e-01		7.37629e-03		1.24112e-03
1.70000e-01		1.06546e-02		1.46711e-03
1.90000e-01		2.08995e-02		2.02310e-03
2.10000e-01		2.80709e-02		2.44199e-03
2.30000e-01		3.95451e-02		2.89315e-03
2.50000e-01		6.94601e-02		3.71603e-03
2.70000e-01		1.04497e-01		4.72274e-03
2.90000e-01		1.36052e-01		5.31411e-03
3.10000e-01		1.99570e-01		6.33440e-03
3.30000e-01		2.68415e-01		7.45151e-03
3.50000e-01		3.56726e-01		8.57464e-03
3.70000e-01		5.05891e-01		9.92316e-03
3.90000e-01		6.80463e-01		1.16459e-02
4.10000e-01		8.83925e-01		1.29870e-02
4.30000e-01		1.15009e+00		1.48730e-02
4.50000e-01		1.45969e+00		1.72527e-02
4.70000e-01		1.89817e+00		1.92880e-02
4.90000e-01		2.34648e+00		2.17142e-02
5.10000e-01		2.87368e+00		2.37517e-02
5.30000e-01		3.41112e+00		2.54440e-02
5.50000e-01		3.97992e+00		2.80246e-02
5.70000e-01		4.50364e+00		3.03729e-02
5.90000e-01		4.94068e+00		3.11949e-02
6.10000e-01		5.41891e+00		3.27067e-02
6.30000e-01		5.62360e+00		3.35619e-02
6.50000e-01		5.73240e+00		3.33688e-02
6.70000e-01		5.68036e+00		3.39084e-02
6.90000e-01		5.56316e+00		3.16365e-02
7.10000e-01		5.39227e+00		3.17575e-02
7.30000e-01		5.16422e+00		3.24332e-02
7.50000e-01		4.82758e+00		3.03407e-02
7.70000e-01		4.65546e+00		3.18103e-02
7.90000e-01		4.37127e+00		3.00040e-02
8.10000e-01		4.17047e+00		2.94097e-02
8.30000e-01		4.10777e+00		2.91328e-02
8.50000e-01		4.09056e+00		2.83105e-02
8.70000e-01		4.08011e+00		2.73060e-02
8.90000e-01		4.16637e+00		2.87031e-02
9.10000e-01		4.36533e+00		2.93619e-02
9.30000e-01		4.56633e+00		3.01062e-02
9.50000e-01		5.04374e+00		3.25676e-02
9.70000e-01		5.34515e+00		3.33532e-02
9.90000e-01		5.77543e+00		3.47110e-02
1.01000e+00		6.23665e+00		3.51253e-02
1.03000e+00		6.73742e+00		3.69046e-02
1.05000e+00		7.17549e+00		3.61001e-02
1.07000e+00		7.68937e+00		3.98973e-02
1.09000e+00		7.96025e+00		4.08099e-02
1.11000e+00		8.43335e+00		4.07513e-02
1.13000e+00		8.63292e+00		4.09118e-02
1.15000e+00		8.65587e+00		4.18463e-02
1.17000e+00		8.68476e+00		4.15258e-02
1.19000e+00		8.51367e+00		4.11808e-02
1.21000e+00		8.43971e+00		4.02331e-02
1.23000e+00		8.22129e+00		4.05596e-02
1.25000e+00		7.96250e+00		3.94518e-02
1.27000e+00		7.69757e+00		3.90431e-02
1.29000e+00		7.58365e+00		3.81948e-02
1.31000e+00		7.39412e+00		4.04531e-02
1.33000e+00		7.31912e+00		3.97354e-02
1.35000e+00		7.29269e+00		3.88168e-02
1.37000e+00		7.31339e+00		3.69895e-02
1.39000e+00		7.44206e+00		3.63024e-02
1.41000e+00		7.61500e+00		3.98754e-02
1.43000e+00		7.90288e+00		4.02018e-02
1.45000e+00		8.17846e+00		4.16545e-02
1.47000e+00		8.55670e+00		4.05395e-02
1.49000e+00		9.09824e+00		4.31397e-02
1.51000e+00		9.46460e+00		4.31125e-02
1.53000e+00		9.93976e+00		4.58058e-02
1.55000e+00		1.03680e+01		4.64256e-02
1.57000e+00		1.08331e+01		4.53950e-02
1.59000e+00		1.11355e+01		4.63947e-02
1.61000e+00		1.14023e+01		4.77445e-02
1.63000e+00		1.17590e+01		4.99373e-02
1.65000e+00		1.16756e+01		4.79214e-02
1.67000e+00		1.17894e+01		4.70451e-02
1.69000e+00		1.16660e+01		4.81989e-02
1.71000e+00		1.14435e+01		4.74929e-02
1.73000e+00		1.13117e+01		4.66167e-02
1.75000e+00		1.10351e+01		4.63157e-02
1.77000e+00		1.10239e+01		4.72952e-02
1.79000e+00		1.07407e+01		4.70521e-02
1.81000e+00		1.05628e+01		4.71364e-02
1.83000e+00		1.04540e+01		4.56420e-02
1.85000e+00		1.04819e+01		4.53122e-02
1.87000e+00		1.04579e+01		4.55915e-02
1.89000e+00		1.05641e+01		4.54206e-02
1.91000e+00		1.07493e+01		4.68851e-02
1.93000e+00		1.10138e+01		4.44292e-02
1.95000e+00		1.13185e+01		4.64568e-02
1.97000e+00		1.17910e+01		4.94511e-02
1.99000e+00		1.22448e+01		4.89302e-02
2.01000e+00		1.27130e+01		4.95156e-02
2.03000e+00		1.30435e+01		5.09953e-02
2.05000e+00		1.35220e+01		5.17721e-02
2.07000e+00		1.39727e+01		4.89958e-02
2.09000e+00		1.42563e+01		5.36392e-02
2.11000e+00		1.45758e+01		5.33867e-02
2.13000e+00		1.47690e+01		5.40289e-02
2.15000e+00		1.49397e+01		5.37664e-02
2.17000e+00		1.47778e+01		5.21064e-02
2.19000e+00		1.47384e+01		5.31884e-02
2.21000e+00		1.45889e+01		5.48101e-02
2.23000e+00		1.44942e+01		5.51159e-02
2.25000e+00		1.41508e+01		5.36354e-02
2.27000e+00		1.39750e+01		5.46948e-02
2.29000e+00		1.38336e+01		5.45482e-02
2.31000e+00		1.36523e+01		5.21321e-02
2.33000e+00		1.35769e+01		5.26746e-02
2.35000e+00		1.37049e+01		5.24647e-02
2.37000e+00		1.36121e+01		5.03593e-02
2.39000e+00		1.38058e+01		5.30234e-02
2.41000e+00		1.40004e+01		5.30136e-02
2.43000e+00		1.41406e+01		5.14303e-02
2.45000e+00		1.45710e+01		5.51101e-02
2.47000e+00		1.50064e+01		5.28835e-02
2.49000e+00		1.53187e+01		5.44190e-02
2.51000e+00		1.58828e+01		5.76571e-02
2.53000e+00		1.62272e+01		5.82026e-02
2.55000e+00		1.66997e+01		5.68889e-02
2.57000e+00		1.70878e+01		5.76144e-02
2.59000e+00		1.73867e+01		5.87124e-02
2.61000e+00		1.77299e+01		5.85706e-02
2.63000e+00		1.78314e+01		5.66891e-02
2.65000e+00		1.79193e+01		5.89540e-02
2.67000e+00		1.79623e+01		6.03514e-02
2.69000e+00		1.78672e+01		5.92965e-02
2.71000e+00		1.78230e+01		5.96509e-02
2.73000e+00		1.75099e+01		5.86770e-02
2.75000e+00		1.73183e+01		6.11377e-02
2.77000e+00		1.72519e+01		5.75734e-02
2.79000e+00		1.70663e+01		5.88338e-02
2.81000e+00		1.67839e+01		5.84110e-02
2.83000e+00		1.67114e+01		5.71255e-02
2.85000e+00		1.67614e+01		5.71213e-02
2.87000e+00		1.67460e+01		5.75175e-02
2.89000e+00		1.69040e+01		5.91127e-02
2.91000e+00		1.70991e+01		5.84987e-02
2.93000e+00		1.73458e+01		5.95364e-02
2.95000e+00		1.76025e+01		5.90998e-02
2.97000e+00		1.80811e+01		6.05271e-02
2.99000e+00		1.86085e+01		6.26704e-02
3.01000e+00		1.90091e+01		6.15030e-02
3.03000e+00		1.93937e+01		6.53419e-02
3.05000e+00		1.99545e+01		6.22014e-02
3.07000e+00		2.02846e+01		6.22040e-02
3.09000e+00		2.06192e+01		6.32941e-02
3.11000e+00		2.09138e+01		6.43180e-02
3.13000e+00		2.10132e+01		6.64269e-02
3.15000e+00		2.10638e+01		6.42413e-02
3.17000e+00		2.10761e+01		6.50774e-02
3.19000e+00		2.10470e+01		6.54317e-02
3.21000e+00		2.07972e+01		6.24061e-02
3.23000e+00		2.06448e+01		6.30020e-02
3.25000e+00		2.04538e+01		6.57587e-02
3.27000e+00		2.01881e+01		6.26351e-02
3.29000e+00		2.00358e+01		6.28496e-02
3.31000e+00		1.99676e+01		6.22211e-02
3.33000e+00		1.99799e+01		6.30449e-02
3.35000e+00		1.98605e+01		6.16071e-02
3.37000e+00		1.98990e+01		6.43349e-02
3.39000e+00		1.99420e+01		6.21003e-02
3.41000e+00		2.01227e+01		6.28212e-02
3.43000e+00		2.04497e+01		6.37458e-02
3.45000e+00		2.09192e+01		6.33015e-02
3.47000e+00		2.13808e+01		6.63266e-02
3.49000e+00		2.17312e+01		6.56880e-02
3.51000e+00		2.21047e+01		6.45881e-02
3.53000e+00		2.26745e+01		6.94427e-02
3.55000e+00		2.30083e+01		6.55664e-02
3.57000e+00		2.33597e+01		6.48330e-02
3.59000e+00		2.37654e+01		6.79987e-02
3.61000e+00		2.38965e+01		6.71279e-02
3.63000e+00		2.42592e+01		6.98260e-02
3.65000e+00		2.42565e+01		6.90017e-02
3.67000e+00		2.42610e+01		7.03776e-02
3.69000e+00		2.41830e+01		6.94659e-02
3.71000e+00		2.38768e+01		6.97037e-02
3.73000e+00		2.37644e+01		6.82866e-02
3.75000e+00		2.36049e+01		6.91903e-02
3.77000e+00		2.34421e+01		6.97154e-02
3.79000e+00		2.32265e+01		6.53051e-02
3.81000e+00		2.30737e+01		6.70212e-02
3.83000e+00		2.29970e+01		6.77267e-02
3.85000e+00		2.29345e+01		7.08458e-02
3.87000e+00		2.30353e+01		6.86793e-02
3.89000e+00		2.31724e+01		6.76942e-02
3.91000e+00		2.35310e+01		6.58249e-02
3.93000e+00		2.37908e+01		6.86112e-02
3.95000e+00		2.40815e+01		6.92293e-02
3.97000e+00		2.43766e+01		6.86899e-02
3.99000e+00		2.48181e+01		6.99713e-02
4.01000e+00		2.52099e+01		7.01381e-02
4.03000e+00		2.57035e+01		6.71157e-02
4.05000e+00		2.62346e+01		7.24662e-02
4.07000e+00		2.65034e+01		7.35832e-02
4.09000e+00		2.67897e+01		7.67553e-02
4.11000e+00		2.70403e+01		7.46633e-02
4.13000e+00		2.71993e+01		7.27342e-02
4.15000e+00		2.73189e+01		7.11670e-02
4.17000e+00		2.73607e+01		7.34024e-02
4.19000e+00		2.73562e+01		7.55152e-02
4.21000e+00		2.72015e+01		7.46639e-02
4.23000e+00		2.69722e+01		7.25014e-02
4.25000e+00		2.66348e+01		7.21765e-02
4.27000e+00		2.66126e+01		7.37844e-02
4.29000e+00		2.64147e+01		7.41374e-02
4.31000e+00		2.62479e+01		7.08632e-02
4.33000e+00		2.61553e+01		7.35736e-02
4.35000e+00		2.59531e+01		7.15008e-02
4.37000e+00		2.62293e+01		7.20486e-02
4.39000e+00		2.63063e+01		7.02799e-02
4.41000e+00		2.66384e+01		7.37886e-02
4.43000e+00		2.68036e+01		7.34214e-02
4.45000e+00		2.70849e+01		7.32004e-02
4.47000e+00		2.75914e+01		7.40621e-02
4.49000e+00		2.80420e+01		7.57142e-02
4.51000e+00		2.84411e+01		7.60490e-02
4.53000e+00		2.88536e+01		7.35343e-02
4.55000e+00		2.92706e+01		7.73000e-02
4.57000e+00		2.96931e+01		7.56953e-02
4.59000e+00		3.00094e+01		7.71332e-02
4.61000e+00		3.03073e+01		7.89971e-02
4.63000e+00		3.04682e+01		7.51839e-02
4.65000e+00		3.04231e+01		8.00556e-02
4.67000e+00		3.03436e+01		7.40917e-02
4.69000e+00		3.04799e+01		7.81580e-02
4.71000e+00		3.03600e+01		7.68840e-02
4.73000e+00		3.01014e+01		7.64110e-02
4.75000e+00		2.98518e+01		7.74921e-02
4.77000e+00		2.95248e+01		7.73737e-02
4.79000e+00		2.93791e+01		7.52051e-02
4.81000e+00		2.93169e+01		7.55569e-02
4.83000e+00		2.93691e+01		7.70058e-02
4.85000e+00		2.91558e+01		7.66939e-02
4.87000e+00		2.93199e+01		7.65920e-02
4.89000e+00		2.93894e+01		7.62315e-02
4.91000e+00		2.97301e+01		7.75251e-02
4.93000e+00		2.99408e+01		7.77144e-02
4.95000e+00		3.03639e+01		7.72498e-02
4.97000e+00		3.07354e+01		7.77046e-02
4.99000e+00		3.11546e+01		7.95075e-02
5.01000e+00		3.10749e+01		8.08719e-02
