# r	g(r)	sigma(g)
1.00000e-02		0.00000e+00		0.00000e+00
3.00000e-02		2.04897e-04		2.04793e-04
5.00000e-02		6.14691e-04		3.54354e-04
7.00000e-02		8.19588e-04		4.08965e-04
9.00000e-02		2.04897e-03		6.44660e-04
1.10000e-01		2.25387e-03		6.75780e-04
1.30000e-01		5.94201e-03		1.12508e-03
1.50000e-01		1.04497e-02		1.51087e-03
1.70000e-01		1.74162e-02		1.82924e-03
1.90000e-01		2.49974e-02		2.25355e-03
2.10000e-01		3.81108e-02		2.80233e-03
2.30000e-01		5.67565e-02		3.44992e-03
2.50000e-01		7.62217e-02		3.95307e-03
2.70000e-01		1.08595e-01		4.77134e-03
2.90000e-01		1.56746e-01		5.58833e-03
3.10000e-01		2.14322e-01		6.35786e-03
3.30000e-01		2.73742e-01		7.57585e-03
3.50000e-01		3.79059e-01		9.27921e-03
3.70000e-01		5.12652e-01		9.98915e-03
3.90000e-01		7.03821e-01		1.20743e-02
4.10000e-01		9.49492e-01		1.38319e-02
4.30000e-01		1.21217e+00		1.58361e-02
4.50000e-01		1.54636e+00		1.77049e-02
4.70000e-01		1.97705e+00		1.95924e-02
4.90000e-01		2.45508e+00		2.20352e-02
5.10000e-01		2.92921e+00		2.37061e-02
5.30000e-01		3.50087e+00		2.67544e-02
5.50000e-01		4.13912e+00		2.82836e-02
5.70000e-01		4.60649e+00		2.97010e-02
5.90000e-01		5.04047e+00		3.23603e-02
6.10000e-01		5.43940e+00		3.23836e-02
6.30000e-01		5.68159e+00		3.33491e-02
6.50000e-01		5.80145e+00		3.24253e-02
6.70000e-01		5.71744e+00		3.26242e-02
6.90000e-01		5.61991e+00		3.40622e-02
7.10000e-01		5.28101e+00		3.19947e-02
7.30000e-01		5.07038e+00		3.16975e-02
7.50000e-01		4.81569e+00		3.02265e-02
7.70000e-01		4.50364e+00		2.98641e-02
7.90000e-01		4.32353e+00		2.85501e-02
8.10000e-01		4.14507e+00		2.80905e-02
8.30000e-01		4.04303e+00		2.89894e-02
8.50000e-01		4.04221e+00		2.75301e-02
8.70000e-01		4.07376e+00		2.84956e-02
8.90000e-01		4.19342e+00		2.92665e-02
9.10000e-01		4.33705e+00		3.07546e-02
9.30000e-01		4.65895e+00		3.05172e-02
9.50000e-01		4.95564e+00		3.15998e-02
9.70000e-01		5.36707e+00		3.19046e-02
9.90000e-01		5.86210e+00		3.37128e-02
1.01000e+00		6.41614e+00		3.66145e-02
1.03000e+00		6.88987e+00		3.70103e-02
1.05000e+00		7.32281e+00		3.83968e-02
1.07000e+00		7.80944e+00		4.04771e-02
1.09000e+00		8.20633e+00		4.04720e-02
1.11000e+00		8.49790e+00		4.11535e-02
1.13000e+00		8.70300e+00		4.11837e-02
1.15000e+00		8.83434e+00		4.22331e-02
1.17000e+00		8.66632e+00		4.21153e-02
1.19000e+00		8.61940e+00		4.15913e-02
1.21000e+00		8.47823e+00		4.08659e-02
1.23000e+00		8.22907e+00		4.10270e-02
1.25000e+00		7.99651e+00		3.97877e-02
1.27000e+00		7.76990e+00		3.80422e-02
1.29000e+00		7.53242e+00		3.79189e-02
1.31000e+00		7.44964e+00		3.91258e-02
1.33000e+00		7.19496e+00		3.81992e-02
1.35000e+00		7.18225e+00		3.82938e-02
1.37000e+00		7.27999e+00		3.81559e-02
1.39000e+00		7.32097e+00		3.82570e-02
1.41000e+00		7.45026e+00		3.67571e-02
1.43000e+00		7.81334e+00		3.91912e-02
1.45000e+00		8.12498e+00		3.97178e-02
1.47000e+00		8.54748e+00		4.12181e-02
1.49000e+00		9.04231e+00		4.26745e-02
1.51000e+00		9.56684e+00		4.42439e-02
1.53000e+00		1.00184e+01		4.55514e-02
1.55000e+00		1.05389e+01		4.66630e-02
1.57000e+00		1.09771e+01		4.83378e-02
1.59000e+00		1.12417e+01		4.60116e-02
1.61000e+00		1.16076e+01		4.79151e-02
1.63000e+00		1.17781e+01		4.65486e-02
1.65000e+00		1.18695e+01		4.95797e-02
1.67000e+00		1.18523e+01		4.99875e-02
1.69000e+00		1.17355e+01		4.75466e-02
1.71000e+00		1.15441e+01		4.77762e-02
1.73000e+00		1.13419e+01		4.85725e-02
1.75000e+00		1.11970e+01		4.74768e-02
1.77000e+00		1.09380e+01		4.42980e-02
1.79000e+00		1.06585e+01		4.81205e-02
1.81000e+00		1.04495e+01		4.49231e-02
1.83000e+00		1.04159e+01		4.54589e-02
1.85000e+00		1.04030e+01		4.75633e-02
1.87000e+00		1.04172e+01		4.72218e-02
1.89000e+00		1.06055e+01		4.96286e-02
1.91000e+00		1.07630e+01		4.66227e-02
1.93000e+00		1.10019e+01		4.54045e-02
1.95000e+00		1.14478e+01		4.58481e-02
1.97000e+00		1.18959e+01		4.92677e-02
1.99000e+00		1.21397e+01		4.87632e-02
2.01000e+00		1.27317e+01		4.96427e-02
2.03000e+00		1.31405e+01		5.25967e-02
2.05000e+00		1.34912e+01		5.20008e-02
2.07000e+00		1.39451e+01		5.20024e-02
2.09000e+00		1.42975e+01		5.37171e-02
2.11000e+00		1.44645e+01		5.46859e-02
2.13000e+00		1.46032e+01		5.25971e-02
2.15000e+00		1.47495e+01		5.50243e-02
2.17000e+00		1.48495e+01		5.38421e-02
2.19000e+00		1.47649e+01		5.41833e-02
2.21000e+00		1.46516e+01		5.22736e-02
2.23000e+00		1.43743e+01		5.37499e-02
2.25000e+00		1.42672e+01		5.39118e-02
2.27000e+00		1.39791e+01		5.42090e-02
2.29000e+00		1.39207e+01		5.29419e-02
2.31000e+00		1.37769e+01		5.23876e-02
2.33000e+00		1.36269e+01		5.43432e-02
2.35000e+00		1.36853e+01		5.28937e-02
2.37000e+00		1.36293e+01		5.17146e-02
2.39000e+00		1.38246e+01		5.28642e-02
2.41000e+00		1.40475e+01		5.54216e-02
2.43000e+00		1.42682e+01		5.42772e-02
2.45000e+00		1.46122e+01		5.34910e-02
2.47000e+00		1.50773e+01		5.43863e-02
2.49000e+00		1.55160e+01		5.57739e-02
2.51000e+00		1.58820e+01		5.44602e-02
2.53000e+00		1.62516e+01		5.62816e-02
2.55000e+00		1.66719e+01		5.75420e-02
2.57000e+00		1.70958e+01		5.80069e-02
2.59000e+00		1.74015e+01		5.76072e-02
2.61000e+00		1.74753e+01		5.75275e-02
2.63000e+00		1.78717e+01		5.78210e-02
2.65000e+00		1.79250e+01		5.92708e-02
2.67000e+00		1.79135e+01		5.90515e-02
2.69000e+00		1.78375e+01		5.97828e-02
2.71000e+00		1.77613e+01		5.85174e-02
2.73000e+00		1.74265e+01		5.78716e-02
2.75000e+00		1.73589e+01		5.99609e-02
2.77000e+00		1.71396e+01		5.97441e-02
2.79000e+00		1.69198e+01		5.71143e-02
2.81000e+00		1.68677e+01		5.76738e-02
2.83000e+00		1.68556e+01		5.68526e-02
2.85000e+00		1.68253e+01		5.65148e-02
2.87000e+00		1.67436e+01		5.86570e-02
2.89000e+00		1.71558e+01		5.87572e-02
2.91000e+00		1.71872e+01		5.81191e-02
2.93000e+00		1.74105e+01		5.76709e-02
2.95000e+00		1.78494e+01		5.76616e-02
2.97000e+00		1.80576e+01		5.87506e-02
2.99000e+00		1.85889e+01		5.95381e-02
3.01000e+00		1.89970e+01		6.38137e-02
3.03000e+00		1.94959e+01		6.13726e-02
3.05000e+00		1.98680e+01		6.30474e-02
3.07000e+00		2.03209e+01		6.42857e-02
3.09000e+00		2.05167e+01		6.25817e-02
3.11000e+00		2.07499e+01		6.23927e-02
3.13000e+00		2.09077e+01		6.50634e-02
3.15000e+00		2.10714e+01		6.61504e-02
3.17000e+00		2.09317e+01		6.47337e-02
3.19000e+00		2.08979e+01		6.29696e-02
3.21000e+00		2.08499e+01		6.37610e-02
3.23000e+00		2.05172e+01		6.46972e-02
3.25000e+00		2.04696e+01		6.57831e-02
3.27000e+00		2.02850e+01		6.56895e-02
3.29000e+00		2.01455e+01		6.14175e-02
3.31000e+00		2.00418e+01		6.57720e-02
3.33000e+00		1.99961e+01		6.09449e-02
3.35000e+00		2.00037e+01		6.37459e-02
3.37000e+00		1.99680e+01		6.42893e-02
3.39000e+00		2.01742e+01		6.18563e-02
3.41000e+00		2.02192e+01		6.34078e-02
3.43000e+00		2.06114e+01		6.32622e-02
3.45000e+00		2.08487e+01		6.61820e-02
3.47000e+00		2.13423e+01		6.41134e-02
3.49000e+00		2.16408e+01		6.52781e-02
3.51000e+00		2.22262e+01		6.88730e-02
3.53000e+00		2.25833e+01		6.60777e-02
3.55000e+00		2.30415e+01		6.52845e-02
3.57000e+00		2.33531e+01		6.82695e-02
3.59000e+00		2.36519e+01		6.77406e-02
3.61000e+00		2.39844e+01		7.27161e-02
3.63000e+00		2.40567e+01		6.96416e-02
3.65000e+00		2.42383e+01		7.00164e-02
3.67000e+00		2.40785e+01		7.08319e-02
3.69000e+00		2.38480e+01		6.87218e-02
3.71000e+00		2.39809e+01		6.90526e-02
3.73000e+00		2.37062e+01		6.82803e-02
3.75000e+00		2.36002e+01		6.78378e-02
3.77000e+00		2.34459e+01		7.00923e-02
3.79000e+00		2.32224e+01		7.07667e-02
3.81000e+00		2.30058e+01		6.44244e-02
3.83000e+00		2.30308e+01		6.70574e-02
3.85000e+00		2.30265e+01		6.82332e-02
3.87000e+00		2.31806e+01		6.76680e-02
3.89000e+00		2.31831e+01		6.91493e-02
3.91000e+00		2.34269e+01		6.78501e-02
3.93000e+00		2.36431e+01		6.70588e-02
3.95000e+00		2.41502e+01		6.87117e-02
3.97000e+00		2.44315e+01		6.96729e-02
3.99000e+00		2.48419e+01		6.83866e-02
4.01000e+00		2.53857e+01		7.16383e-02
4.03000e+00		2.57101e+01		6.89696e-02
4.05000e+00		2.60529e+01		6.93077e-02
4.07000e+00		2.65817e+01		7.35869e-02
4.09000e+00		2.68192e+01		7.68377e-02
4.11000e+00		2.69013e+01		7.28822e-02
4.13000e+00		2.72036e+01		7.09480e-02
4.15000e+00		2.73283e+01		7.62839e-02
4.17000e+00		2.71374e+01		7.12714e-02
4.19000e+00		2.71554e+01		7.60213e-02
4.21000e+00		2.70780e+01		7.27812e-02
4.23000e+00		2.69224e+01		7.14567e-02
4.25000e+00		2.66389e+01		7.43053e-02
4.27000e+00		2.65780e+01		7.15954e-02
4.29000e+00		2.65452e+01		6.92283e-02
4.31000e+00		2.62180e+01		7.09249e-02
4.33000e+00		2.60281e+01		7.22211e-02
4.35000e+00		2.63571e+01		7.01514e-02
4.37000e+00		2.62104e+01		7.24036e-02
4.39000e+00		2.63569e+01		7.09366e-02
4.41000e+00		2.65229e+01		7.36975e-02
4.43000e+00		2.67155e+01		7.28901e-02
4.45000e+00		2.71765e+01		7.06881e-02
4.47000e+00		2.74849e+01		7.06896e-02
4.49000e+00		2.80367e+01		7.58969e-02
4.51000e+00		2.83784e+01		7.37803e-02
4.53000e+00		2.87018e+01		7.59202e-02
4.55000e+00		2.92755e+01		7.71383e-02
4.57000e+00		2.95457e+01		7.64515e-02
4.59000e+00		2.97230e+01		7.76267e-02
4.61000e+00		3.03225e+01		7.44059e-02
4.63000e+00		3.03467e+01		7.88017e-02
4.65000e+00		3.04510e+01		7.85096e-02
4.67000e+00		3.03577e+01		7.51190e-02
4.69000e+00		3.03000e+01		7.84671e-02
4.71000e+00		3.02086e+01		7.62919e-02
4.73000e+00		2.99727e+01		7.66065e-02
4.75000e+00		2.97480e+01		7.76002e-02
4.77000e+00		2.96422e+01		7.52159e-02
4.79000e+00		2.95654e+01		7.71640e-02
4.81000e+00		2.94025e+01		7.62950e-02
4.83000e+00		2.92474e+01		7.77849e-02
4.85000e+00		2.93464e+01		7.45477e-02
4.87000e+00		2.92917e+01		7.97478e-02
4.89000e+00		2.95259e+01		7.82520e-02
4.91000e+00		2.97730e+01		7.69362e-02
4.93000e+00		2.99606e+01		7.65931e-02
4.95000e+00		3.02428e+01		7.81063e-02
4.97000e+00		3.07093e+01		7.97888e-02
4.99000e+00		3.11007e+01		7.94201e-02
5.01000e+00		3.11346e+01		8.04451e-02
